===== THREADS: 1 =====
Total Mega-FLOPs: 0.24
         100   5.6843418860808015E-014   2.0999999999999968E-004   2.1815299987792969E-004        3174        3055
Total Mega-FLOPs: 5
         500   2.8421709430404007E-013   1.2240000000000003E-003   1.2230873107910156E-003       68082       68133
Total Mega-FLOPs: 18
        1000   7.9580786405131221E-013   3.6880000000000003E-003   3.6981105804443359E-003      180766      180272
Total Mega-FLOPs: 40.5
        1500   9.0949470177292824E-013   1.0425999999999998E-002   1.0492086410522461E-002      215806      214447
Total Mega-FLOPs: 64
        2000   1.5916157281026244E-012   1.8283999999999995E-002   1.8397092819213867E-002      291694      289900
Total Mega-FLOPs: 144
        3000   1.8189894035458565E-012   4.4809000000000015E-002   4.4934988021850586E-002      401705      400578
Total Mega-FLOPs: 256
        4000   1.8189894035458565E-012   8.0625000000000002E-002   8.0801963806152344E-002      529198      528039
Total Mega-FLOPs: 350
        5000   4.5474735088646412E-012  0.11193400000000001       0.11216592788696289           744486      742946
Total Mega-FLOPs: 504
        6000   4.5474735088646412E-012  0.16190000000000004       0.16220188140869141           889437      887782
Total Mega-FLOPs: 686
        7000   4.5474735088646412E-012  0.21878100000000000       0.21919608116149902          1045185     1043206
Total Mega-FLOPs: 896
        8000   3.6379788070917130E-012  0.28927099999999994       0.28978896141052246          1179977     1177868
Total Mega-FLOPs: 1134
        9000   5.4569682106375694E-012  0.36692899999999995       0.36754989624023438          1324506     1322269
Total Mega-FLOPs: 1400
       10000   5.4569682106375694E-012  0.45451599999999992       0.45540595054626465          1466761     1463895
===== THREADS: 2 =====
Total Mega-FLOPs: 0.24
         100   4.2632564145606011E-014   4.4399999999999995E-004   3.2782554626464844E-004        1501        2033
Total Mega-FLOPs: 5
         500   3.4106051316484809E-013   1.6820000000000003E-003   9.4485282897949219E-004       49544       88197
Total Mega-FLOPs: 18
        1000   5.6843418860808015E-013   4.0260000000000001E-003   2.1908283233642578E-003      165590      304298
Total Mega-FLOPs: 40.5
        1500   6.8212102632969618E-013   1.1390999999999998E-002   5.8760643005371094E-003      197524      382909
Total Mega-FLOPs: 64
        2000   1.8189894035458565E-012   2.0012000000000002E-002   1.0538101196289062E-002      266506      506100
Total Mega-FLOPs: 144
        3000   1.3642420526593924E-012   4.7891000000000003E-002   2.4822950363159180E-002      375853      725135
Total Mega-FLOPs: 256
        4000   2.2737367544323206E-012   8.6485000000000006E-002   4.4260978698730469E-002      493341      963979
Total Mega-FLOPs: 350
        5000   3.6379788070917130E-012  0.11812700000000001        6.0133934020996094E-002      705455     1385795
Total Mega-FLOPs: 504
        6000   5.4569682106375694E-012  0.16874600000000006        8.5278987884521484E-002      853353     1688575
Total Mega-FLOPs: 686
        7000   3.6379788070917130E-012  0.22937200000000002       0.11587595939636230           996924     1973374
Total Mega-FLOPs: 896
        8000   2.7284841053187847E-012  0.31837799999999994       0.16030406951904297          1072100     2129286
Total Mega-FLOPs: 1134
        9000   5.4569682106375694E-012  0.38972600000000002       0.20759701728820801          1247030     2341074
Total Mega-FLOPs: 1400
       10000   4.5474735088646412E-012  0.46871499999999999       0.23553490638732910          1422328     2830436
===== THREADS: 4 =====
Total Mega-FLOPs: 0.24
         100   6.3948846218409017E-014   9.0399999999999986E-004   4.1890144348144531E-004         737        1591
Total Mega-FLOPs: 5
         500   3.4106051316484809E-013   5.0780000000000000E-003   1.4879703521728516E-003       16410       56004
Total Mega-FLOPs: 18
        1000   6.8212102632969618E-013   5.0359999999999988E-003   1.5158653259277344E-003      132380      439792
Total Mega-FLOPs: 40.5
        1500   6.8212102632969618E-013   1.2598999999999999E-002   3.6389827728271484E-003      178585      618304
Total Mega-FLOPs: 64
        2000   1.3642420526593924E-012   2.3306999999999994E-002   6.4220428466796875E-003      228829      830473
Total Mega-FLOPs: 144
        3000   1.8189894035458565E-012   6.4290000000000000E-002   1.7653942108154297E-002      279981     1019602
Total Mega-FLOPs: 256
        4000   1.8189894035458565E-012  0.11373300000000000        2.9949903488159180E-002      375147     1424601
Total Mega-FLOPs: 350
        5000   3.6379788070917130E-012  0.15686400000000000        4.0565013885498047E-002      531245     2054315
Total Mega-FLOPs: 504
        6000   3.6379788070917130E-012  0.22835000000000000        5.8416128158569336E-002      630610     2465072
Total Mega-FLOPs: 686
        7000   3.6379788070917130E-012  0.31403299999999995        8.0138921737670898E-002      728161     2853378
Total Mega-FLOPs: 896
        8000   3.6379788070917130E-012  0.41279800000000000       0.10476589202880859           826877     3258057
Total Mega-FLOPs: 1134
        9000   5.4569682106375694E-012  0.52251999999999998       0.13259100914001465           930107     3665407
Total Mega-FLOPs: 1400
       10000   5.4569682106375694E-012  0.64523399999999997       0.16306591033935547          1033216     4088326
===== THREADS: 8 =====
Total Mega-FLOPs: 0.24
         100   4.2632564145606011E-014   2.5929999999999998E-003   7.2503089904785156E-004         257         919
Total Mega-FLOPs: 5
         500   2.8421709430404007E-013   1.8959999999999998E-002   2.9079914093017578E-003        4395       28656
Total Mega-FLOPs: 18
        1000   6.8212102632969618E-013   6.4630000000000000E-003   1.2822151184082031E-003      103151      519933
Total Mega-FLOPs: 40.5
        1500   9.0949470177292824E-013   1.5027999999999996E-002   2.5119781494140625E-003      149720      895708
Total Mega-FLOPs: 64
        2000   1.8189894035458565E-012   3.6965999999999992E-002   5.4900646209716797E-003      144276      971451
Total Mega-FLOPs: 144
        3000   1.3642420526593924E-012  0.11193299999999999        1.5208005905151367E-002      160810     1183587
Total Mega-FLOPs: 256
        4000   1.8189894035458565E-012  0.21238900000000002        2.7954101562500000E-002      200889     1526311
Total Mega-FLOPs: 350
        5000   3.6379788070917130E-012  0.29816099999999995        3.9692878723144531E-002      279491     2099453
Total Mega-FLOPs: 504
        6000   4.5474735088646412E-012  0.43779800000000002        5.6675910949707031E-002      328918     2540762
Total Mega-FLOPs: 686
        7000   4.5474735088646412E-012  0.60076000000000007        7.7960014343261719E-002      380628     2933127
Total Mega-FLOPs: 896
        8000   3.6379788070917130E-012  0.79347800000000002       0.10217308998107910           430173     3340736
Total Mega-FLOPs: 1134
        9000   5.4569682106375694E-012   1.0032719999999999       0.12837386131286621           484415     3785817
Total Mega-FLOPs: 1400
       10000   5.4569682106375694E-012   1.2346679999999999       0.15752387046813965           539956     4232162
===== THREADS: 10 =====
Total Mega-FLOPs: 0.24
         100   4.2632564145606011E-014   4.2659999999999990E-003   8.5306167602539062E-004         156         781
Total Mega-FLOPs: 5
         500   2.8421709430404007E-013   2.1264999999999999E-002   2.7840137481689453E-003        3918       29932
Total Mega-FLOPs: 18
        1000   7.9580786405131221E-013   1.6444999999999998E-002   2.3379325866699219E-003       40539      285152
Total Mega-FLOPs: 40.5
        1500   6.8212102632969618E-013   1.7305000000000001E-002   2.5918483734130859E-003      130020      868106
Total Mega-FLOPs: 64
        2000   1.3642420526593924E-012   4.4682999999999994E-002   6.2549114227294922E-003      119359      852663
Total Mega-FLOPs: 144
        3000   1.8189894035458565E-012  0.13409799999999999        1.6986846923828125E-002      134230     1059643
Total Mega-FLOPs: 256
        4000   2.2737367544323206E-012  0.26189699999999994        3.1572103500366211E-002      162913     1351404
Total Mega-FLOPs: 350
        5000   3.6379788070917130E-012  0.36204999999999998        4.4586896896362305E-002      230170     1869009
Total Mega-FLOPs: 504
        6000   5.4569682106375694E-012  0.52847599999999995        6.4545869827270508E-002      272481     2230971
Total Mega-FLOPs: 686
        7000   3.6379788070917130E-012  0.72160399999999991        8.8454961776733398E-002      316886     2585119
Total Mega-FLOPs: 896
        8000   3.6379788070917130E-012  0.94449899999999998       0.11423015594482422           361390     2988119
Total Mega-FLOPs: 1134
        9000   4.5474735088646412E-012   1.1984870000000001       0.14509105682373047           405511     3349620
Total Mega-FLOPs: 1400
       10000   5.4569682106375694E-012   1.4795429999999998       0.17838096618652344           450589     3737319
===== THREADS: 16 =====
Total Mega-FLOPs: 0.24
         100   4.2632564145606011E-014   7.2519999999999998E-003   1.2519359588623047E-003          91         532
Total Mega-FLOPs: 5
         500   3.4106051316484809E-013   2.1724000000000000E-002   2.3128986358642578E-003        3836       36029
Total Mega-FLOPs: 18
        1000   6.8212102632969618E-013   1.5499999999999998E-002   2.0389556884765625E-003       43010      326964
Total Mega-FLOPs: 40.5
        1500   6.8212102632969618E-013   2.4874000000000000E-002   2.6948451995849609E-003       90455      834927
Total Mega-FLOPs: 64
        2000   1.3642420526593924E-012   6.3231999999999997E-002   5.4140090942382812E-003       84345      985098
Total Mega-FLOPs: 144
        3000   1.3642420526593924E-012  0.21929300000000002        1.5578031539916992E-002       82081     1155473
Total Mega-FLOPs: 256
        4000   1.8189894035458565E-012  0.41051300000000002        2.9574871063232422E-002      103934     1442666
Total Mega-FLOPs: 350
        5000   3.6379788070917130E-012  0.56957399999999991        3.9576053619384766E-002      146308     2105650
Total Mega-FLOPs: 504
        6000   4.5474735088646412E-012  0.82742499999999997        5.6649923324584961E-002      174033     2541927
Total Mega-FLOPs: 686
        7000   3.6379788070917130E-012   1.1384120000000000        7.7161073684692383E-002      200864     2963497
Total Mega-FLOPs: 896
        8000   3.6379788070917130E-012   1.4908819999999998       0.10070800781250000           228947     3389336
Total Mega-FLOPs: 1134
        9000   4.5474735088646412E-012   1.8962139999999998       0.12763094902038574           256300     3807853
Total Mega-FLOPs: 1400
       10000   5.4569682106375694E-012   2.3490419999999999       0.15749192237854004           283803     4233021
===== THREADS: 20 =====
Total Mega-FLOPs: 0.24
         100   7.1054273576010019E-014   9.2569999999999996E-003   1.5618801116943359E-003          72         426
Total Mega-FLOPs: 5
         500   2.8421709430404007E-013   1.7368000000000001E-002   2.1910667419433594E-003        4798       38033
Total Mega-FLOPs: 18
        1000   5.6843418860808015E-013   1.6185999999999999E-002   2.2687911987304688E-003       41187      293842
Total Mega-FLOPs: 40.5
        1500   6.8212102632969618E-013   3.0347000000000002E-002   3.3781528472900391E-003       74142      666044
Total Mega-FLOPs: 64
        2000   1.5916157281026244E-012   7.4286999999999992E-002   6.2510967254638672E-003       71793      853183
Total Mega-FLOPs: 144
        3000   1.8189894035458565E-012  0.24774499999999999        1.6397953033447266E-002       72655     1097698
Total Mega-FLOPs: 256
        4000   1.8189894035458565E-012  0.48274899999999998        3.0043840408325195E-002       88382     1420146
Total Mega-FLOPs: 350
        5000   3.6379788070917130E-012  0.68854199999999999        4.1942119598388672E-002      121028     1986865
Total Mega-FLOPs: 504
        6000   4.5474735088646412E-012   1.0004979999999999        6.0014009475708008E-002      143928     2399439
Total Mega-FLOPs: 686
        7000   4.5474735088646412E-012   1.3744360000000000        8.2629919052124023E-002      166371     2767359
Total Mega-FLOPs: 896
        8000   2.7284841053187847E-012   1.8049960000000000       0.10768389701843262           189104     3169771
Total Mega-FLOPs: 1134
        9000   5.4569682106375694E-012   2.3095030000000003       0.13555598258972168           210434     3585234
Total Mega-FLOPs: 1400
       10000   4.5474735088646412E-012   2.8386680000000002       0.16698312759399414           234851     3992419
