===== THREADS: 1 =====
         100   1.8474111129762605E-013   3.4200000000000029E-004   3.3807754516601562E-004        1949        1971
         500   2.2737367544323206E-012   1.7243999999999999E-002   1.7280817031860352E-002        4832        4822
        1000   7.3896444519050419E-012  0.14205499999999999       0.14236998558044434             4693        4682
        1500   1.0459189070388675E-011  0.52593999999999996       0.52733397483825684             4278        4266
        2000   2.1373125491663814E-011   1.4684320000000000        1.4721560478210449             3631        3622
        3000   3.8653524825349450E-011   5.9659509999999996        5.9778990745544434             3017        3011
        4000   6.6847860580310225E-011   15.213054000000000        15.242491960525513             2804        2799
        5000   7.4578565545380116E-011   31.034517999999998        31.090850114822388             2685        2680
        6000   1.1186784831807017E-010   54.490221999999996        54.585507154464722             2642        2638
        7000   1.1823431123048067E-010   87.671545999999992        87.827204942703247             2608        2603
        8000   1.9645085558295250E-010   131.66735900000000        131.87990403175354             2592        2588
        9000   2.2737367544323206E-010   190.70316199999999        191.03535819053650             2548        2544
       10000   2.9649527277797461E-010   263.60615499999994        264.25266098976135             2529        2522
===== THREADS: 2 =====
         100   1.5631940186722204E-013   7.3499999999999998E-004   4.3702125549316406E-004         907        1525
         500   2.1032064978498966E-012   1.6128000000000000E-002   8.2938671112060547E-003        5166       10047
        1000   7.2759576141834259E-012  0.13887200000000000        7.0367097854614258E-002        4800        9474
        1500   1.2278178473934531E-011  0.54304399999999997       0.27860188484191895             4143        8076
        2000   2.1600499167107046E-011   1.8482809999999998       0.93822312355041504             2885        5684
        3000   3.2969182939268649E-011   8.9389359999999982        4.5107450485229492             2013        3990
        4000   7.1395334089174867E-011   25.095345999999999        12.644312143325806             1700        3374
        5000   9.1858964879065752E-011   52.263339999999992        26.290001153945923             1594        3169
        6000   1.1368683772161603E-010   93.611772999999985        47.002815961837769             1538        3063
        7000   1.2551026884466410E-010   150.26255700000002        75.427432060241699             1521        3031
        8000   1.9645085558295250E-010   221.14044899999999        111.04821300506592             1543        3073
        9000   2.1736923372372985E-010   314.55559099999994        157.82087492942810             1545        3079
       10000   2.7102942112833261E-010   491.67899299999999        248.72957110404968             1355        2680
===== THREADS: 4 =====
         100   1.9895196601282805E-013   2.2499999999999998E-003   8.3589553833007812E-004         296         797
         500   1.5916157281026244E-012   2.8470999999999996E-002   7.7829360961914062E-003        2926       10707
        1000   5.5706550483591855E-012  0.20845399999999997        5.4167985916137695E-002        3198       12307
        1500   8.6401996668428183E-012  0.94606199999999996       0.24582719802856445             2378        9152
        2000   2.0691004465334117E-011   4.1177010000000003        1.0626401901245117             1295        5018
        3000   3.0013325158506632E-011   20.813050999999998        5.3355319499969482              864        3373
        4000   9.0039975475519896E-011   57.031178999999995        14.537392854690552              748        2934
        5000   8.0945028457790613E-011   111.63375099999999        28.723493814468384              746        2901
        6000   1.1004885891452432E-010   193.03414100000001        52.016763210296631              745        2768
        7000   1.2551026884466410E-010   327.61521399999998        83.571783065795898              697        2736
        8000   1.8462742445990443E-010   425.44788999999997        109.55561089515686              802        3115
        9000   2.1464074961841106E-010   577.89846599999998        145.76464319229126              840        3334
       10000   2.8558133635669947E-010   787.64804200000003        198.52109384536743              846        3358
===== THREADS: 8 =====
         100   2.5579538487363607E-013   4.1820000000000000E-003   8.4280967712402344E-004         159         791
         500   1.9895196601282805E-012   2.3542999999999998E-002   3.6370754241943359E-003        3539       22912
        1000   6.4801497501321137E-012  0.13124200000000000        1.8069982528686523E-002        5079       36893
        1500   1.1823431123048067E-011  0.57559199999999999        7.5609922409057617E-002        3909       29757
        2000   2.2737367544323206E-011   3.8422079999999998       0.51697397232055664             1388       10316
        3000   3.1832314562052488E-011   28.139557000000000        3.6011669635772705              639        4998
        4000   7.0485839387401938E-011   84.118664999999993        10.742778062820435              507        3971
        5000   8.0945028457790613E-011   175.45862900000000        22.289800882339478              474        3738
        6000   1.1277734301984310E-010   320.54642400000000        40.631460905075073              449        3544
        7000   1.3915268937125802E-010   523.17582400000003        66.212126016616821              437        3453
        8000   2.0645529730245471E-010   805.65464499999996        101.98769187927246              423        3346
        9000   2.1282176021486521E-010   1161.3646679999999        146.81564307212830              418        3310
       10000   2.9649527277797461E-010   1586.0936019999999        200.47297191619873              420        3325
===== THREADS: 10 =====
         100   1.0658141036401503E-013   6.2069999999999990E-003   1.0049343109130859E-003         107         663
         500   2.0463630789890885E-012   2.8164000000000002E-002   3.6458969116210938E-003        2958       22856
        1000   6.3664629124104977E-012  0.13951300000000000        1.5822172164916992E-002        4778       42134
        1500   1.0459189070388675E-011  0.60613499999999998        6.4732074737548828E-002        3712       34758
        2000   2.3192114895209670E-011   4.0732160000000004       0.42786979675292969             1309       12464
        3000   3.4560798667371273E-011   34.382534999999997        3.5321550369262695              523        5096
        4000   5.9117155615240335E-011   104.34269100000000        10.663142919540405              408        4001
        5000   1.1459633242338896E-010   222.15807300000000        22.662734031677246              375        3677
        6000   1.0550138540565968E-010   406.74649299999999        41.378633975982666              354        3480
        7000   1.2096279533579946E-010   664.11377000000005        67.590511798858643              344        3383
        8000   1.7553247744217515E-010   1024.0086620000000        104.08551907539368              333        3279
        9000   2.1100277081131935E-010   1463.1673719999999        148.63682103157043              332        3269
       10000   2.4920154828578234E-010   2013.2825009999999        204.13967299461365              331        3265
===== THREADS: 16 =====
         100   1.7053025658242404E-013   1.4553000000000000E-002   2.1848678588867188E-003          45         305
         500   2.1600499167107046E-012   6.9198999999999997E-002   6.8969726562500000E-003        1204       12082
        1000   5.4569682106375694E-012  0.25888599999999995        2.1649122238159180E-002        2575       30794
        1500   9.3223206931725144E-012  0.93210199999999999        7.4935913085937500E-002        2413       30025
        2000   2.0918378140777349E-011   5.5631829999999995       0.42129707336425781              958       12659
        3000   3.5470293369144201E-011   50.346297000000000        3.6328561305999756              357        4954
        4000   6.9121597334742546E-011   151.45847800000001        10.832818031311035              281        3938
        5000   9.8225427791476250E-011   325.68631199999999        23.133935928344727              255        3602
        6000   1.1004885891452432E-010   595.75918699999988        42.111755847930908              241        3419
        7000   1.2096279533579946E-010   975.58844999999997        68.800997018814087              234        3323
        8000   1.9826984498649836E-010   1496.2836070000001        105.30253696441650              228        3241
        9000   2.1464074961841106E-010   2157.0750619999999        151.48054885864258              225        3208
       10000   2.6921043172478676E-010   2969.6017549999997        208.31159114837646              224        3200
===== THREADS: 20 =====
         100   1.2789769243681803E-013   2.3850000000000000E-002   2.6979446411132812E-003          27         247
         500   1.7053025658242404E-012  0.10397500000000000        9.0069770812988281E-003         801        9252
        1000   5.2295945351943374E-012  0.33932699999999999        2.4525880813598633E-002        1964       27182
        1500   1.0004441719502211E-011   1.2559279999999999        7.7888965606689453E-002        1791       28887
        2000   2.2055246517993510E-011   8.0387780000000006       0.44554686546325684              663       11970
        3000   4.0927261579781771E-011   69.055029000000005        3.6118350028991699              260        4983
        4000   7.5033312896266580E-011   215.68363499999998        11.159664154052734              197        3823
        5000   8.5492501966655254E-011   457.60339499999998        23.558037996292114              182        3537
        6000   1.2278178473934531E-010   838.89549699999998        43.063976049423218              171        3343
        7000   1.1368683772161603E-010   1372.6292369999999        70.280642986297607              166        3253
        8000   1.9190338207408786E-010   2097.9138509999998        107.31035590171814              162        3180
        9000   2.5829649530351162E-010   3026.9960569999998        154.62387108802795              160        3143
       10000   2.6557245291769505E-010   4186.6473120000001        213.61177802085876              159        3120
