===== THREADS: 1 =====
         100   1.5143442055887135E-012   3.1300000000000034E-004   3.1018257141113281E-004        2129        2149
         500   1.8906121113104746E-010   1.7555999999999999E-002   1.7596006393432617E-002        4746        4735
        1000   2.1625965018756688E-008  0.14398400000000000       0.14431285858154297             4630        4619
        1500   5.9110334404977039E-009  0.51420599999999994       0.51571512222290039             4375        4362
        2000   3.0124169825285207E-009   1.4226699999999999        1.4264109134674072             3748        3738
        3000   6.2111439547152258E-008   5.8269279999999997        5.8394091129302979             3089        3082
        4000   2.0860738914052490E-008   15.057869999999999        15.086535930633545             2833        2828
        5000   7.0017904363339767E-008   30.495303999999997        30.550139904022217             2732        2727
        6000   1.0010717232944444E-007   54.000570999999994        54.092236042022705             2666        2662
        7000   2.7379155653761700E-007   86.402975999999995        86.548308849334717             2646        2642
        8000   2.2709809854859486E-007   132.56483600000001        132.78623700141907             2574        2570
        9000   8.0697373050497845E-007   190.74909399999999        191.08906793594360             2547        2543
       10000   3.4605727705638856E-007   260.71458100000001        261.17965102195740             2557        2552
===== THREADS: 2 =====
         100   3.4674485505092889E-012   1.0900000000000003E-003   6.2799453735351562E-004         611        1061
         500   1.4816237126069609E-010   2.2420000000000002E-002   1.1738061904907227E-002        3716        7099
        1000   3.0269120543380268E-009  0.16366899999999998        8.7707996368408203E-002        4073        7600
        1500   6.8018977117390023E-009  0.57487600000000005       0.29502415657043457             3913        7626
        2000   2.3038069230096880E-009   1.8870359999999999       0.97280406951904297             2826        5482
        3000   9.7763859230326489E-009   8.9571909999999999        4.5470838546752930             2009        3958
        4000   4.4884927774546668E-008   24.207527999999996        12.247520923614502             1762        3483
        5000   4.1720454646565486E-008   49.783736999999995        25.124640941619873             1673        3316
        6000   2.0143670553807169E-007   89.479130999999995        45.079877853393555             1609        3194
        7000   2.7190219498152146E-007   144.71780999999999        72.802529096603394             1580        3140
        8000   6.4277628553099930E-008   217.21173500000000        109.36491107940674             1571        3121
        9000   3.5217362892581150E-007   313.61735099999999        157.57714295387268             1549        3084
       10000   3.1521119581157109E-007   430.46637099999998        216.29487299919128             1548        3082
===== THREADS: 4 =====
         100   2.3305801732931286E-012   2.5470000000000007E-003   8.2278251647949219E-004         261         810
         500   5.6121507441275753E-010   2.9899999999999999E-002   8.1031322479248047E-003        2787       10284
        1000   1.4249508240027353E-009  0.18269800000000000        5.0359964370727539E-002        3649       13238
        1500   1.4040665519132745E-008  0.64237699999999998       0.17123317718505859             3502       13139
        2000   3.8784037315053865E-008   2.7241890000000000       0.71579504013061523             1957        7450
        3000   1.4493707567453384E-008   14.881524999999998        3.8443739414215088             1209        4682
        4000   5.9459125623106956E-008   42.115101999999993        10.807804107666016             1013        3947
        5000   1.9511196569510503E-007   87.982251999999988        22.414584875106812              947        3717
        6000   5.7109832596324850E-007   158.78519900000001        40.406921863555908              906        3563
        7000   9.6600615506758913E-008   259.72680899999995        65.871694087982178              880        3471
        8000   9.2387381300795823E-008   399.45485000000002        101.37459087371826              854        3367
        9000   3.2099706004373729E-007   575.85666099999992        145.65821886062622              843        3336
       10000   2.6956149667967111E-007   786.98560599999996        199.02905893325806              847        3349
===== THREADS: 8 =====
         100   7.6525452641362790E-012   6.0489999999999997E-003   1.1620521545410156E-003         110         573
         500   2.6827251531358343E-010   4.9813999999999997E-002   6.8988800048828125E-003        1672       12079
        1000   9.6736130217323080E-010  0.20787200000000000        3.0435800552368164E-002        3207       21904
        1500   4.0042777982307598E-009  0.72478399999999987       0.10539579391479492             3104       21348
        2000   1.7469801605329849E-008   3.9717789999999997       0.53251099586486816             1342       10015
        3000   9.5819814305286855E-009   28.442659999999997        3.6767599582672119              632        4895
        4000   2.5745521270437166E-008   82.730462000000003        10.652704000473022              515        4005
        5000   1.4726447261637077E-007   175.23894899999999        22.411573171615601              475        3718
        6000   4.5177785068517551E-008   319.25820399999998        40.730146884918213              451        3535
        7000   5.8154000726062804E-008   523.02729599999998        66.572083950042725              437        3434
        8000   1.1571046343306080E-007   804.48595599999999        102.42223405838013              424        3332
        9000   2.0652896637329832E-007   1159.3629760000001        147.12309288978577              419        3303
       10000   8.9804416347760707E-007   1590.0390179999999        201.77326607704163              419        3304
===== THREADS: 10 =====
         100   1.4779288903810084E-012   8.6899999999999998E-003   1.3461112976074219E-003          76         495
         500   2.4840574042173102E-010   6.2395999999999993E-002   7.2820186614990234E-003        1335       11443
        1000   1.3742464943788946E-009  0.26178499999999999        3.6399126052856445E-002        2546       18315
        1500   1.9060735212406144E-009  0.81005300000000002       0.11796593666076660             2777       19073
        2000   7.4804802352446131E-009   4.3151190000000001       0.48144292831420898             1235       11077
        3000   1.8041873772745021E-008   34.413023999999993        3.5899989604949951              523        5013
        4000   3.5463651215650316E-007   104.87929699999999        10.839542865753174              406        3936
        5000   5.8157183957519010E-008   223.58985599999997        22.957948207855225              372        3629
        6000   1.6288709048239980E-007   405.99896300000000        41.575781822204590              354        3463
        7000   1.4867509889882058E-007   661.49318700000003        67.566517114639282              345        3384
        8000   2.0808602130273357E-007   1023.0999240000000        104.56824588775635              333        3264
        9000   1.8385435396339744E-007   1466.7035769999998        149.43807792663574              331        3252
       10000   1.2028091731508539E-006   2009.6240009999999        204.62045288085938              331        3258
===== THREADS: 16 =====
         100   1.2860823517257813E-011   2.3148999999999999E-002   2.8200149536132812E-003          28         236
         500   3.6533265301841311E-010  0.12765399999999999        1.1602878570556641E-002         652        7182
        1000   1.2820464689866640E-009  0.41858499999999998        3.7467002868652344E-002        1592       17793
        1500   3.7386485018942039E-009   1.2150420000000000       0.10461306571960449             1851       21507
        2000   5.6095643685694085E-009   5.8409479999999991       0.45612001419067383              913       11692
        3000   1.0687926987884566E-008   50.996690999999998        3.7523541450500488              352        4796
        4000   7.6566232110053534E-007   151.18152400000000        10.981965065002441              282        3885
        5000   1.8252330846735276E-007   326.27104100000003        23.406252861022949              255        3560
        6000   1.6034618965932168E-007   596.69113299999992        42.588858127593994              241        3381
        7000   2.4936616682680324E-007   974.47780000000000        69.175867795944214              234        3305
        8000   3.1949002732289955E-007   1495.1050989999999        106.04751920700073              228        3218
        9000   2.0428933567018248E-007   2153.5140569999999        152.02951502799988              225        3196
       10000   2.4424480216111988E-007   2968.4861529999998        209.31938695907593              224        3184
===== THREADS: 20 =====
         100   1.0089706847793423E-012   3.7290000000000004E-002   4.2212009429931641E-003          17         157
         500   3.2630964597046841E-010  0.19089299999999998        1.7030000686645508E-002         436        4893
        1000   6.1584159993799403E-010  0.56087799999999999        4.8970937728881836E-002        1188       13613
        1500   2.4793962438707240E-009   1.5806289999999998       0.10319399833679199             1423       21803
        2000   8.5145757111604325E-009   8.3334829999999993       0.47946810722351074              639       11123
        3000   1.6877493180800229E-008   70.051905999999988        3.6935098171234131              256        4873
        4000   3.4020104067167267E-008   215.87963700000000        11.282602071762085              197        3781
        5000   5.7182842283509672E-007   459.27457299999998        23.797774791717529              181        3501
        6000   2.8951944841537625E-008   837.51154299999996        43.212175846099854              171        3332
        7000   7.1485374064650387E-008   1373.1950970000000        70.592441797256470              166        3239
        8000   1.4314458951503184E-007   2098.4529120000002        107.87505483627319              162        3164
        9000   9.0577259470592253E-008   3031.2321669999997        155.26844596862793              160        3130
       10000   1.6068861441453919E-007   4182.7005909999998        214.12007904052734              159        3113
