===== THREADS: 1 =====
Total Mega-FLOPs: 0.64
         100   1.3358203432289883E-012   2.7200000000000011E-004   2.7394294738769531E-004        2450        2433
Total Mega-FLOPs: 54
         500   1.8133050616597757E-011   1.1908000000000000E-002   1.1972904205322266E-002        6998        6960
Total Mega-FLOPs: 402
        1000   5.5138116294983774E-011   7.6014999999999985E-002   7.6178073883056641E-002        8770        8751
Total Mega-FLOPs: 1323
        1500   1.0959411156363785E-010  0.31578400000000001       0.31668710708618164             7125        7104
Total Mega-FLOPs: 3104
        2000   1.6689227777533233E-010  0.82402099999999989       0.82564496994018555             6472        6459
Total Mega-FLOPs: 10368
        3000   3.1695890356786549E-010   3.1091069999999998        3.1145558357238770             5789        5779
Total Mega-FLOPs: 24480
        4000   4.8930814955383539E-010   7.5237139999999991        7.5352880954742432             5670        5662
Total Mega-FLOPs: 47750
        5000   6.6711436375044286E-010   15.315619999999999        15.341557979583740             5441        5431
Total Mega-FLOPs: 82440
        6000   8.9585228124633431E-010   25.730338000000000        25.769910812377930             5596        5587
Total Mega-FLOPs: 130830
        7000   1.1386873666197062E-009   42.278738999999995        42.349096775054932             5408        5399
Total Mega-FLOPs: 195328
        8000   1.3815224519930780E-009   61.107485999999994        61.196209907531738             5585        5577
Total Mega-FLOPs: 278154
        9000   1.6598278307355940E-009   87.306488999999999        87.436922073364258             5566        5558
Total Mega-FLOPs: 381800
       10000   1.9181243260391057E-009   119.62290700000000        119.79830789566040             5573        5564
===== THREADS: 2 =====
Total Mega-FLOPs: 0.64
         100   1.6129320101754274E-012   3.2199999999999937E-004   3.2711029052734375E-004        2070        2038
Total Mega-FLOPs: 54
         500   1.6939338820520788E-011   1.5765000000000001E-002   8.1272125244140625E-003        5285       10253
Total Mega-FLOPs: 402
        1000   5.5933924159035087E-011   8.0673999999999996E-002   4.0802001953125000E-002        8263       16339
Total Mega-FLOPs: 1323
        1500   1.0732037480920553E-010  0.35237700000000000       0.17739796638488770             6385       12683
Total Mega-FLOPs: 3104
        2000   1.6370904631912708E-010  0.87792000000000003       0.44086313247680664             6074       12097
Total Mega-FLOPs: 10368
        3000   3.1513991416431963E-010   3.4416099999999998        1.7246170043945312             5230       10437
Total Mega-FLOPs: 24480
        4000   4.8294168664142489E-010   8.0252209999999984        4.0203590393066406             5316       10612
Total Mega-FLOPs: 47750
        5000   6.6938810050487518E-010   15.175029000000000        7.6011390686035156             5491       10963
Total Mega-FLOPs: 82440
        6000   8.8584783952683210E-010   28.324794999999998        14.187806844711304             5083       10149
Total Mega-FLOPs: 130830
        7000   1.1405063560232520E-009   44.423182999999995        22.250581026077271             5147       10276
Total Mega-FLOPs: 195328
        8000   1.3824319466948509E-009   67.430267999999998        33.773171186447144             5062       10106
Total Mega-FLOPs: 278154
        9000   1.6530066204722971E-009   95.265283999999994        47.716198921203613             5101       10185
Total Mega-FLOPs: 381800
       10000   1.9326762412674725E-009   132.07309100000001        66.148502826690674             5047       10078
===== THREADS: 4 =====
Total Mega-FLOPs: 0.64
         100   1.2896350654045818E-012   8.6600000000000045E-004   5.7387351989746094E-004         769        1161
Total Mega-FLOPs: 54
         500   1.6939338820520788E-011  0.10836199999999999        2.7702093124389648E-002         769        3008
Total Mega-FLOPs: 402
        1000   5.4342308430932462E-011  0.11013099999999999        2.8246164321899414E-002        6053       23602
Total Mega-FLOPs: 1323
        1500   1.0777512216009200E-010  0.37612000000000001        9.4736814498901367E-002        5982       23750
Total Mega-FLOPs: 3104
        2000   1.6632384358672425E-010   1.0368779999999997       0.26106786727905273             5143       20428
Total Mega-FLOPs: 10368
        3000   3.1423041946254671E-010   4.1316100000000002        1.0363550186157227             4356       17368
Total Mega-FLOPs: 24480
        4000   4.8839865485206246E-010   10.330188000000000        2.5895969867706299             4130       16476
Total Mega-FLOPs: 47750
        5000   6.7575456341728568E-010   20.511647999999997        5.1415898799896240             4062       16207
Total Mega-FLOPs: 82440
        6000   8.9312379714101553E-010   37.160587999999997        9.3118069171905518             3875       15464
Total Mega-FLOPs: 130928
        7000   1.1104930308647454E-009   58.148451999999999        14.569303989410400             3932       15695
Total Mega-FLOPs: 195328
        8000   1.3769749784842134E-009   90.846947000000000        22.760351181030273             3757       14996
Total Mega-FLOPs: 278316
        9000   1.6298145055770874E-009   124.54652399999999        31.203459024429321             3902       15575
Total Mega-FLOPs: 381800
       10000   1.9326762412674725E-009   174.02384599999999        43.599514961242676             3830       15290
===== THREADS: 8 =====
Total Mega-FLOPs: 0.64
         100   1.5809575870662229E-012   4.6849999999999999E-003   8.2516670227050781E-004         142         807
Total Mega-FLOPs: 54
         500   1.8019363778876141E-011  0.27446199999999998        3.5352945327758789E-002         303        2357
Total Mega-FLOPs: 400
        1000   6.3323568610940129E-011  0.42646499999999998        5.3862094879150391E-002        1563       12377
Total Mega-FLOPs: 1323
        1500   1.1118572729174048E-010  0.47579899999999997        6.0379028320312500E-002        4728       37264
Total Mega-FLOPs: 3104
        2000   1.6461854102090001E-010   1.6814979999999999       0.21241903305053711             3171       25107
Total Mega-FLOPs: 10368
        3000   3.1468516681343317E-010   7.8053019999999993       0.97956800460815430             2306       18375
Total Mega-FLOPs: 24480
        4000   4.8248693929053843E-010   20.119171000000001        2.5223281383514404             2120       16915
Total Mega-FLOPs: 47750
        5000   6.7439032136462629E-010   40.698144999999997        5.1004180908203125             2047       16338
Total Mega-FLOPs: 82440
        6000   8.8584783952683210E-010   71.651122999999998        8.9780080318450928             2009       16039
Total Mega-FLOPs: 130830
        7000   1.1377778719179332E-009   114.26016300000001        14.314903974533081             2001       15974
Total Mega-FLOPs: 195328
        8000   1.3860699255019426E-009   172.43878100000001        21.604264020919800             1979       15799
Total Mega-FLOPs: 278154
        9000   1.6561898519285023E-009   245.21870199999998        30.721739053726196             1981       15819
Total Mega-FLOPs: 381800
       10000   1.9290382624603808E-009   337.77350300000001        42.316401958465576             1973       15754
===== THREADS: 10 =====
Total Mega-FLOPs: 0.64
         100   1.7621459846850485E-012   6.1159999999999999E-003   1.1570453643798828E-003         109         576
Total Mega-FLOPs: 53.5
         500   2.3192114895209670E-011  0.36533699999999997        3.7503004074096680E-002         228        2222
Total Mega-FLOPs: 402
        1000   5.5933924159035087E-011   1.5439289999999999       0.15520811080932617              431        4295
Total Mega-FLOPs: 1323
        1500   1.1073097994085401E-010  0.58936499999999992        6.0142993927001953E-002        3817       37410
Total Mega-FLOPs: 3104
        2000   1.6325429896824062E-010   2.0019690000000003       0.20228910446166992             2664       26364
Total Mega-FLOPs: 10368
        3000   3.1559466151520610E-010   9.7981829999999999       0.98503804206848145             1837       18273
Total Mega-FLOPs: 24480
        4000   4.8612491809763014E-010   24.909711999999999        2.4984478950500488             1712       17077
Total Mega-FLOPs: 47750
        5000   6.7120708990842104E-010   51.341664999999999        5.1496269702911377             1623       16182
Total Mega-FLOPs: 82440
        6000   8.8766682893037796E-010   89.751581000000002        8.9998250007629395             1604       16000
Total Mega-FLOPs: 130830
        7000   1.1359588825143874E-009   143.34094400000001        14.370429992675781             1595       15912
Total Mega-FLOPs: 195328
        8000   1.3842509360983968E-009   215.19799999999998        21.577142953872681             1586       15819
Total Mega-FLOPs: 278316
        9000   1.6316334949806333E-009   307.51664399999999        30.833873987197876             1580       15761
Total Mega-FLOPs: 381800
       10000   1.9299477571621537E-009   422.48189399999995        42.361618041992188             1577       15737
===== THREADS: 16 =====
Total Mega-FLOPs: 0.64
         100   1.5694112676101213E-012   1.1983999999999998E-002   1.2869834899902344E-003          55         518
Total Mega-FLOPs: 54
         500   1.7507773009128869E-011  0.31715899999999997        2.1065950393676758E-002         262        3955
Total Mega-FLOPs: 402
        1000   5.6047610996756703E-011  0.93085200000000001        5.8858871459960938E-002         716       11326
Total Mega-FLOPs: 1323
        1500   1.1027623258996755E-010  0.98746699999999987        6.2465906143188477E-002        2278       36019
Total Mega-FLOPs: 3104
        2000   1.6711965145077556E-010   3.0994999999999999       0.19650483131408691             1720       27140
Total Mega-FLOPs: 10368
        3000   3.1241143005900085E-010   15.505469999999999       0.97365117073059082             1160       18487
Total Mega-FLOPs: 24480
        4000   4.8839865485206246E-010   40.033447000000002        2.5109481811523438             1065       16992
Total Mega-FLOPs: 47750
        5000   6.6893335315398872E-010   82.792237999999998        5.1938090324401855             1006       16044
Total Mega-FLOPs: 82440
        6000   8.8675733422860503E-010   144.64444799999998        9.0700390338897705              995       15876
Total Mega-FLOPs: 130830
        7000   1.1414158507250249E-009   232.13521900000001        14.558357000350952              985       15706
Total Mega-FLOPs: 195328
        8000   1.3828866940457374E-009   345.29298800000004        21.642534971237183              988       15771
Total Mega-FLOPs: 278154
        9000   1.6580088413320482E-009   493.89582899999999        30.954890012741089              984       15700
Total Mega-FLOPs: 381800
       10000   1.9290382624603808E-009   678.77342999999996        42.541698217391968              982       15670
===== THREADS: 20 =====
Total Mega-FLOPs: 0.64
         100   1.5596413049934199E-012   6.1960000000000001E-003   1.2481212615966797E-003         107         534
Total Mega-FLOPs: 54
         500   1.6740386854507960E-011  0.35127199999999997        1.8107175827026367E-002         237        4602
Total Mega-FLOPs: 402
        1000   5.3887561080045998E-011  0.95672199999999985        4.9010992050170898E-002         696       13602
Total Mega-FLOPs: 1323
        1500   1.1164047464262694E-010   1.1683020000000000        5.9351205825805664E-002        1925       37909
Total Mega-FLOPs: 3104
        2000   1.6757439880166203E-010   4.0202099999999996       0.20348095893859863             1326       26210
Total Mega-FLOPs: 10368
        3000   3.1059244065545499E-010   19.352708999999997       0.97450900077819824              930       18470
Total Mega-FLOPs: 24480
        4000   4.8703441279940307E-010   50.168551000000001        2.5228459835052490              850       16912
Total Mega-FLOPs: 47750
        5000   6.6938810050487518E-010   101.49776199999999        5.0966460704803467              821       16350
Total Mega-FLOPs: 82440
        6000   8.9130480773746967E-010   179.54391499999997        9.0147471427917480              802       15973
Total Mega-FLOPs: 130830
        7000   1.1395968613214791E-009   286.55893199999997        14.382082939147949              797       15899
Total Mega-FLOPs: 195328
        8000   1.3906173990108073E-009   430.86378199999996        21.624428033828735              792       15784
Total Mega-FLOPs: 278316
        9000   1.6234480426646769E-009   616.44851799999992        30.943313121795654              788       15706
Total Mega-FLOPs: 381800
       10000   1.9235812942497432E-009   846.79776300000003        42.489130973815918              787       15690
