===== THREADS: 1 =====
Total Mega-FLOPs: 0.22
         100   7.1054273576010019E-014   1.4899999999999983E-004   1.5306472778320312E-004        4474        4355
Total Mega-FLOPs: 4.5
         500   2.8421709430404007E-013   1.4020000000000005E-003   1.4100074768066406E-003       59438       59101
Total Mega-FLOPs: 16
        1000   6.8212102632969618E-013   3.8079999999999989E-003   3.8580894470214844E-003      175070      172797
Total Mega-FLOPs: 36
        1500   6.8212102632969618E-013   1.0344000000000002E-002   1.0394096374511719E-002      217517      216469
Total Mega-FLOPs: 56
        2000   1.3642420526593924E-012   1.7472000000000001E-002   1.7516851425170898E-002      305250      304468
Total Mega-FLOPs: 126
        3000   1.3642420526593924E-012   4.3354999999999991E-002   4.3430089950561523E-002      415177      414459
Total Mega-FLOPs: 224
        4000   1.3642420526593924E-012   8.1094999999999973E-002   8.1249952316284180E-002      526131      525128
Total Mega-FLOPs: 300
        5000   4.5474735088646412E-012  0.10874499999999998       0.10891890525817871           766318      765095
Total Mega-FLOPs: 432
        6000   4.5474735088646412E-012  0.16080800000000001       0.16107392311096191           895477      893999
Total Mega-FLOPs: 588
        7000   3.6379788070917130E-012  0.21380899999999997       0.21414208412170410          1069490     1067826
Total Mega-FLOPs: 768
        8000   3.6379788070917130E-012  0.28696600000000005       0.28745007514953613          1189455     1187452
Total Mega-FLOPs: 972
        9000   5.4569682106375694E-012  0.35217799999999988       0.35270094871520996          1379984     1377937
Total Mega-FLOPs: 1200
       10000   5.4569682106375694E-012  0.45074199999999986       0.45151591300964355          1479042     1476507
===== THREADS: 2 =====
Total Mega-FLOPs: 0.22
         100   5.6843418860808015E-014   2.3499999999999997E-004   2.3698806762695312E-004        2836        2813
Total Mega-FLOPs: 4.5
         500   2.8421709430404007E-013   1.2449999999999996E-003   1.0249614715576172E-003       66934       81303
Total Mega-FLOPs: 16
        1000   7.9580786405131221E-013   4.0319999999999991E-003   2.3789405822753906E-003      165343      280236
Total Mega-FLOPs: 36
        1500   6.8212102632969618E-013   1.1623999999999999E-002   5.9320926666259766E-003      193565      379292
Total Mega-FLOPs: 56
        2000   1.8189894035458565E-012   1.9542000000000004E-002   1.0330915451049805E-002      272916      516249
Total Mega-FLOPs: 126
        3000   1.8189894035458565E-012   4.9506999999999995E-002   2.4914979934692383E-002      363584      722456
Total Mega-FLOPs: 224
        4000   1.3642420526593924E-012   8.7757000000000002E-002   4.4439792633056641E-002      486191      960100
Total Mega-FLOPs: 300
        5000   3.6379788070917130E-012  0.12225200000000003        6.1508893966674805E-002      681652     1354817
Total Mega-FLOPs: 432
        6000   3.6379788070917130E-012  0.16545100000000001        8.3032846450805664E-002      870348     1734253
Total Mega-FLOPs: 588
        7000   3.6379788070917130E-012  0.23635999999999996       0.11895513534545898           967450     1922293
Total Mega-FLOPs: 768
        8000   3.6379788070917130E-012  0.30510799999999993       0.15316581726074219          1118729     2228521
Total Mega-FLOPs: 972
        9000   3.6379788070917130E-012  0.39175000000000004       0.19675898551940918          1240587     2470027
Total Mega-FLOPs: 1200
       10000   7.2759576141834259E-012  0.48633000000000004       0.24396204948425293          1370811     2732665
===== THREADS: 4 =====
Total Mega-FLOPs: 0.22
         100   5.6843418860808015E-014   3.7499999999999990E-004   3.7789344787597656E-004        1777        1764
Total Mega-FLOPs: 4.5
         500   3.4106051316484809E-013   6.3129999999999992E-003   1.9910335540771484E-003       13200       41854
Total Mega-FLOPs: 16
        1000   6.8212102632969618E-013   3.6639999999999989E-003   1.6479492187500000E-003      181950      404543
Total Mega-FLOPs: 36
        1500   6.8212102632969618E-013   9.9069999999999991E-003   3.3428668975830078E-003      227112      673074
Total Mega-FLOPs: 56
        2000   1.5916157281026244E-012   2.1172000000000003E-002   6.1478614807128906E-003      251905      867510
Total Mega-FLOPs: 126
        3000   1.8189894035458565E-012   5.8555999999999997E-002   1.5270948410034180E-002      307398     1178708
Total Mega-FLOPs: 224
        4000   1.8189894035458565E-012  0.11109099999999997        2.8681993484497070E-002      384069     1487576
Total Mega-FLOPs: 300
        5000   4.5474735088646412E-012  0.15351599999999999        3.8774013519287109E-002      542831     2149205
Total Mega-FLOPs: 432
        6000   3.6379788070917130E-012  0.22701599999999994        5.7160854339599609E-002      634316     2519206
Total Mega-FLOPs: 588
        7000   4.5474735088646412E-012  0.31328099999999992        7.9205036163330078E-002      729909     2887021
Total Mega-FLOPs: 768
        8000   2.7284841053187847E-012  0.40756999999999999       0.10261797904968262           837483     3326252
Total Mega-FLOPs: 972
        9000   5.4569682106375694E-012  0.51290699999999989       0.12943100929260254           947540     3754896
Total Mega-FLOPs: 1200
       10000   4.5474735088646412E-012  0.64514800000000005       0.16228699684143066          1033354     4107948
===== THREADS: 8 =====
Total Mega-FLOPs: 0.22
         100   4.2632564145606011E-014   4.9599999999999991E-004   4.9996376037597656E-004        1344        1333
Total Mega-FLOPs: 4.5
         500   3.4106051316484809E-013   2.3698999999999998E-002   3.2839775085449219E-003        3516       25375
Total Mega-FLOPs: 16
        1000   5.6843418860808015E-013   1.7562000000000001E-002   2.4709701538085938E-003       37960      269799
Total Mega-FLOPs: 36
        1500   9.0949470177292824E-013   1.2482000000000000E-002   2.4080276489257812E-003      180259      934374
Total Mega-FLOPs: 56
        2000   1.5916157281026244E-012   3.8110999999999999E-002   5.0899982452392578E-003      139942     1047806
Total Mega-FLOPs: 126
        3000   1.8189894035458565E-012  0.11208799999999998        1.4645099639892578E-002      160588     1229080
Total Mega-FLOPs: 224
        4000   3.1832314562052488E-012  0.21396599999999999        2.7517080307006836E-002      199408     1550552
Total Mega-FLOPs: 300
        5000   4.5474735088646412E-012  0.30332000000000003        3.8379907608032227E-002      274737     2171275
Total Mega-FLOPs: 432
        6000   4.5474735088646412E-012  0.43852999999999998        5.5603981018066406E-002      328369     2589742
Total Mega-FLOPs: 588
        7000   4.5474735088646412E-012  0.60129499999999991        7.6112031936645508E-002      380290     3004343
Total Mega-FLOPs: 768
        8000   2.7284841053187847E-012  0.79386599999999985       0.10026097297668457           429963     3404448
Total Mega-FLOPs: 972
        9000   5.4569682106375694E-012   1.0080780000000000       0.12664699554443359           482105     3837438
Total Mega-FLOPs: 1200
       10000   5.4569682106375694E-012   1.2427389999999998       0.15668916702270508           536449     4254708
===== THREADS: 10 =====
Total Mega-FLOPs: 0.22
         100   5.6843418860808015E-014   5.5900000000000004E-004   5.6195259094238281E-004        1192        1186
Total Mega-FLOPs: 4.5
         500   3.4106051316484809E-013   2.7244999999999998E-002   3.6711692810058594E-003        3058       22699
Total Mega-FLOPs: 16
        1000   6.8212102632969618E-013   5.2301000000000000E-002   5.5270195007324219E-003       12746      120619
Total Mega-FLOPs: 36
        1500   9.0949470177292824E-013   2.0251999999999999E-002   2.4409294128417969E-003      111100      921780
Total Mega-FLOPs: 56
        2000   1.8189894035458565E-012   4.2279999999999998E-002   5.0530433654785156E-003      126143     1055469
Total Mega-FLOPs: 126
        3000   1.3642420526593924E-012  0.13702999999999999        1.4836072921752930E-002      131358     1213259
Total Mega-FLOPs: 224
        4000   2.2737367544323206E-012  0.25918300000000000        2.7190923690795898E-002      164619     1569151
Total Mega-FLOPs: 300
        5000   5.4569682106375694E-012  0.37796899999999994        3.8403987884521484E-002      220476     2169913
Total Mega-FLOPs: 432
        6000   4.5474735088646412E-012  0.54719199999999990        5.5701017379760742E-002      263161     2585231
Total Mega-FLOPs: 588
        7000   3.6379788070917130E-012  0.75405199999999994        7.6341152191162109E-002      303250     2995326
Total Mega-FLOPs: 768
        8000   3.6379788070917130E-012  0.98652399999999996        9.9689006805419922E-002      345995     3423981
Total Mega-FLOPs: 972
        9000   5.4569682106375694E-012   1.2487409999999999       0.12642383575439453           389192     3844211
Total Mega-FLOPs: 1200
       10000   4.5474735088646412E-012   1.5500069999999999       0.15624904632568359           430105     4266692
===== THREADS: 16 =====
Total Mega-FLOPs: 0.22
         100   7.1054273576010019E-014   8.7390000000000002E-003   8.1706047058105469E-004          76         815
Total Mega-FLOPs: 4.5
         500   2.2737367544323206E-013   1.9263999999999996E-002   2.4158954620361328E-003        4325       34493
Total Mega-FLOPs: 16
        1000   6.8212102632969618E-013   3.2471000000000000E-002   2.7840137481689453E-003       20531      239462
Total Mega-FLOPs: 36
        1500   9.0949470177292824E-013   2.2429999999999999E-002   2.5000572204589844E-003      100312      899979
Total Mega-FLOPs: 56
        2000   1.8189894035458565E-012   6.4229999999999995E-002   5.2628517150878906E-003       83034     1013392
Total Mega-FLOPs: 126
        3000   1.8189894035458565E-012  0.21900900000000001        1.4788150787353516E-002       82188     1217190
Total Mega-FLOPs: 224
        4000   1.8189894035458565E-012  0.43063299999999993        2.7663946151733398E-002       99078     1542320
Total Mega-FLOPs: 300
        5000   4.5474735088646412E-012  0.61102899999999993        3.9085865020751953E-002      136381     2132058
Total Mega-FLOPs: 432
        6000   4.5474735088646412E-012  0.87605100000000014        5.5876970291137695E-002      164373     2577090
Total Mega-FLOPs: 588
        7000   3.6379788070917130E-012   1.2089829999999999        7.6767206192016602E-002      189139     2978702
Total Mega-FLOPs: 768
        8000   2.7284841053187847E-012   1.5951049999999998       0.10075902938842773           213988     3387620
Total Mega-FLOPs: 972
        9000   5.4569682106375694E-012   2.0160890000000000       0.12727999687194824           241060     3818353
Total Mega-FLOPs: 1200
       10000   3.6379788070917130E-012   2.4885210000000000       0.15660309791564941           267896     4257046
===== THREADS: 20 =====
Total Mega-FLOPs: 0.22
         100   5.6843418860808015E-014   3.5499999999999998E-003   9.1791152954101562E-004         187         726
Total Mega-FLOPs: 4.5
         500   3.4106051316484809E-013   1.7741999999999997E-002   2.1431446075439453E-003        4696       38883
Total Mega-FLOPs: 16
        1000   6.8212102632969618E-013   3.8753999999999997E-002   2.9969215393066406E-003       17202      222450
Total Mega-FLOPs: 36
        1500   6.8212102632969618E-013   3.0022000000000000E-002   2.6550292968750000E-003       74945      847448
Total Mega-FLOPs: 56
        2000   1.5916157281026244E-012   9.5072000000000018E-002   5.3460597991943359E-003       56097      997619
Total Mega-FLOPs: 126
        3000   1.3642420526593924E-012  0.26978200000000002        1.4889955520629883E-002       66720     1208868
Total Mega-FLOPs: 224
        4000   1.3642420526593924E-012  0.52695300000000000        2.7588129043579102E-002       80968     1546558
Total Mega-FLOPs: 300
        5000   4.5474735088646412E-012  0.75456599999999996        3.8586139678955078E-002      110438     2159670
Total Mega-FLOPs: 432
        6000   4.5474735088646412E-012   1.1134860000000000        5.6505918502807617E-002      129323     2548405
Total Mega-FLOPs: 588
        7000   4.5474735088646412E-012   1.5044249999999999        7.6498985290527344E-002      151996     2989146
Total Mega-FLOPs: 768
        8000   2.7284841053187847E-012   1.9895320000000001       0.10047602653503418           171564     3397162
Total Mega-FLOPs: 972
        9000   5.4569682106375694E-012   2.5166429999999997       0.12692809104919434           193114     3828939
Total Mega-FLOPs: 1200
       10000   4.5474735088646412E-012   3.0956459999999999       0.15661907196044922           215356     4256612
