===== THREADS: 1 =====
         100   2.3447910280083306E-012   8.0199999999999976E-004   8.1801414489746094E-004         831         814
         500   2.1668711269740015E-010   1.7883000000000000E-002   1.7928838729858398E-002        4659        4648
        1000   4.9487880460219458E-010  0.13563099999999997       0.13592100143432617             4915        4904
        1500   1.7507773009128869E-009  0.50952899999999990       0.51114988327026367             4415        4401
        2000   9.0776666183955967E-009   1.4750439999999998        1.4788980484008789             3615        3606
        3000   4.4709850044455379E-008   5.9372549999999995        5.9505429267883301             3031        3024
        4000   1.7971615307033062E-008   14.992374999999999        15.019724845886230             2845        2840
        5000   9.6242956715286709E-008   30.523174999999998        30.576528072357178             2730        2725
        6000   1.4869669939798769E-007   53.991861000000000        54.083835124969482             2667        2662
        7000   1.2258828974154312E-007   87.783803999999989        87.942173004150391             2604        2600
        8000   6.9817360781598836E-008   132.54032999999998        132.76376414299011             2575        2570
        9000   1.1859265214297920E-007   187.93986400000000        188.24627399444580             2585        2581
       10000   2.3142638383433223E-007   256.95043599999997        257.37008309364319             2594        2590
===== THREADS: 2 =====
         100   4.0515146793040913E-011   1.5479999999999999E-003   1.2350082397460938E-003         430         539
         500   1.3727685654885136E-010   5.0400000000000000E-002   2.8225898742675781E-002        1653        2952
        1000   5.4549502692680107E-009  0.19483600000000001       0.10702109336853027             3421        6229
        1500   4.4651642383541912E-009  0.58937499999999998       0.30965995788574219             3817        7266
        2000   3.0411229090532288E-009   1.8896379999999999       0.97995805740356445             2822        5442
        3000   4.1168277675751597E-008   8.7636809999999983        4.4489521980285645             2053        4045
        4000   6.7000200942857191E-008   23.467372999999998        11.892689943313599             1818        3587
        5000   2.1283995010890067E-008   47.886771999999993        24.163367033004761             1740        3448
        6000   7.2580860432935879E-008   85.735151000000002        43.180320978164673             1679        3334
        7000   1.1713309504557401E-006   137.00903500000001        68.995008945465088             1668        3314
        8000   2.6345242076786235E-007   208.78279899999998        105.09176397323608             1634        3247
        9000   2.0014749679830857E-007   297.44510200000002        149.53607296943665             1633        3250
       10000   4.8467882152181119E-007   409.65711800000003        205.93868303298950             1627        3237
===== THREADS: 4 =====
         100   3.8504310850839829E-011   3.1349999999999998E-003   1.4119148254394531E-003         212         472
         500   7.3993078331113793E-010   6.1466999999999994E-002   1.9406080245971680E-002        1355        4294
        1000   4.3610270950011909E-010  0.29050999999999999        8.3180189132690430E-002        2294        8014
        1500   5.8175828598905355E-009  0.71635899999999997       0.20021295547485352             3140       11238
        2000   2.1676783035218250E-008   2.9113910000000001       0.77591609954833984             1831        6873
        3000   5.0430116971256211E-008   14.260107999999999        3.7052710056304932             1262        4857
        4000   7.4741848266057787E-008   41.247439000000000        10.603826999664307             1034        4023
        5000   4.7141043069132138E-008   81.483562000000006        20.775967121124268             1022        4011
        6000   5.7628494687378407E-007   150.71705699999998        38.299617052078247              955        3759
        7000   2.4885059701773571E-007   239.22466700000001        60.562124013900757              955        3775
        8000   1.0848378906302969E-007   360.35172299999994        91.467725038528442              947        3731
        9000   1.8747778085526079E-007   517.67258399999992        130.85345888137817              938        3714
       10000   3.8493635656777769E-007   713.84985599999993        180.44875693321228              933        3694
===== THREADS: 8 =====
         100   2.3945290195115376E-012   6.5339999999999999E-003   1.9748210906982422E-003         102         337
         500   1.9309709387016483E-010   8.1728999999999996E-002   1.6314983367919922E-002        1019        5107
        1000   3.0630786795882159E-009  0.42369699999999999        6.7261934280395508E-002        1573        9911
        1500   1.9879280444001779E-009  0.95626899999999992       0.14481091499328613             2352       15537
        2000   2.6460676316730769E-008   4.1481440000000003       0.57345104217529297             1285        9300
        3000   6.1886566982138902E-009   28.052018999999998        3.6538131237030029              641        4926
        4000   8.2901806308655068E-007   80.262732000000000        10.346955060958862              531        4123
        5000   1.6240392142208293E-008   170.23139699999999        21.766133785247803              489        3828
        6000   9.4396455097012222E-008   306.87719399999997        39.139086961746216              469        3679
        7000   1.1642032404779457E-007   501.49613899999997        63.707499027252197              455        3589
        8000   1.0082021617563441E-007   756.24478799999997        96.500175952911377              451        3537
        9000   1.4583747542928904E-007   1092.0500730000001        138.44487094879150              445        3510
       10000   8.8072738435585052E-008   1512.5486350000001        191.79958915710449              440        3475
===== THREADS: 10 =====
         100   4.7890580390230753E-012   8.7349999999999997E-003   2.3369789123535156E-003          76         285
         500   1.0214762369287200E-010   9.6794999999999992E-002   1.6633033752441406E-002         860        5010
        1000   2.8103386284783483E-010  0.46461399999999997        6.1885118484497070E-002        1434       10772
        1500   9.9066710390616208E-010   1.1430790000000000       0.15660881996154785             1968       14367
        2000   2.4879227566998452E-009   4.3850270000000000       0.49380993843078613             1216       10800
        3000   3.8115558709250763E-008   34.349364000000001        3.5952439308166504              524        5006
        4000   3.2752268452895805E-008   100.59705199999999        10.484244823455811              424        4069
        5000   5.9026206145063043E-008   215.46669900000001        22.060227155685425              386        3777
        6000   1.9011367839993909E-006   392.21188899999999        40.073945999145508              367        3593
        7000   1.9284289010101929E-007   643.43212699999992        65.588603973388672              355        3486
        8000   9.8703822004608810E-008   965.34122500000001        98.466938972473145              353        3466
        9000   2.9816101232427172E-007   1384.7761849999999        140.70105290412903              350        3454
       10000   3.2948497619145201E-007   1919.9752449999999        195.03496193885803              347        3418
===== THREADS: 16 =====
         100   2.7000623958883807E-012   1.5790999999999999E-002   3.3848285675048828E-003          42         196
         500   3.1578757386796497E-009  0.15203500000000000        2.0989894866943359E-002         548        3970
        1000   3.8015173231542576E-009  0.70882599999999996        6.8264007568359375E-002         940        9766
        1500   1.6091689758468419E-008   1.6710079999999998       0.15178489685058594             1346       14823
        2000   1.5617888493579812E-007   6.5148859999999997       0.51993489265441895              818       10257
        3000   9.3721723715134431E-009   50.509208000000001        3.7238709926605225              356        4833
        4000   2.5156396077363752E-008   150.43084800000000        10.888314008712769              283        3918
        5000   2.0316292648203671E-008   321.50331399999993        23.004424095153809              259        3622
        6000   1.4655307722932776E-007   582.85801099999992        41.469783067703247              247        3472
        7000   1.3003409549128264E-007   946.09785699999998        67.003867864608765              241        3412
        8000   1.8286920067112078E-007   1452.6785570000000        102.74674701690674              234        3322
        9000   5.5858436098787934E-007   2085.1515139999997        146.95898008346558              233        3307
       10000   1.3950396464679216E-006   2858.2256609999999        201.10231208801270              233        3315
===== THREADS: 20 =====
         100   1.6093792964966269E-012   2.0412000000000000E-002   4.0509700775146484E-003          32         164
         500   1.5575096767861396E-010  0.17197899999999999        2.2069931030273438E-002         484        3775
        1000   5.0215476221637800E-010  0.79049100000000005        6.9936037063598633E-002         843        9532
        1500   2.5385077151440782E-008   1.9558190000000000       0.14725112915039062             1150       15280
        2000   6.9848056227783673E-009   8.5947160000000000       0.51012587547302246              620       10454
        3000   3.3793241982493782E-008   69.328243000000001        3.6783049106597900              259        4893
        4000   4.1884732127073221E-008   205.96969699999997        10.790010929107666              207        3954
        5000   3.7226982385618612E-008   445.45066599999996        23.020380020141602              187        3619
        6000   5.7092620409093797E-008   813.76767099999995        41.909496784210205              176        3435
        7000   2.9008970159338787E-007   1325.4848000000000        67.989439010620117              172        3363
        8000   1.4807483239565045E-007   2021.8389099999997        103.71869111061096              168        3290
        9000   2.4359178496524692E-007   2919.8376269999999        149.27925705909729              166        3255
       10000   9.7905376605922356E-007   4021.0691829999996        205.28309297561646              165        3247
