===== THREADS: 1 =====
Total Mega-FLOPs: 0.66
         100   1.7621459846850485E-012   3.4499999999999982E-004   3.4308433532714844E-004        1932        1943
Total Mega-FLOPs: 54.5
         500   1.6711965145077556E-011   1.0792000000000000E-002   1.0854959487915039E-002        7721        7676
Total Mega-FLOPs: 404
        1000   5.3887561080045998E-011   7.3590000000000003E-002   7.3769092559814453E-002        9059        9037
Total Mega-FLOPs: 1327.5
        1500   1.1073097994085401E-010  0.30891499999999994       0.30986905097961426             7283        7261
Total Mega-FLOPs: 3112
        2000   1.6666490409988910E-010  0.83283299999999993       0.83455896377563477             6403        6390
Total Mega-FLOPs: 10386
        3000   3.1241143005900085E-010   3.1486499999999995        3.1543838977813721             5716        5706
Total Mega-FLOPs: 24512
        4000   4.8339643399231136E-010   7.6039079999999997        7.6166489124298096             5611        5601
Total Mega-FLOPs: 47800
        5000   6.6938810050487518E-010   15.269704999999998        15.295308113098145             5457        5448
Total Mega-FLOPs: 82512
        6000   8.8766682893037796E-010   26.001919000000001        26.041773080825806             5538        5529
Total Mega-FLOPs: 130928
        7000   1.1395968613214791E-009   42.115394999999992        42.188424825668335             5429        5420
Total Mega-FLOPs: 195456
        8000   1.3878889149054885E-009   61.835045999999998        61.929657220840454             5520        5511
Total Mega-FLOPs: 278478
        9000   1.6279955161735415E-009   89.769192000000004        89.924083948135376             5413        5404
Total Mega-FLOPs: 382000
       10000   1.9545041141100228E-009   122.19913799999999        122.39780592918396             5455        5446
===== THREADS: 2 =====
Total Mega-FLOPs: 0.66
         100   1.3749001936957939E-012   6.8500000000000028E-004   5.4097175598144531E-004         973        1232
Total Mega-FLOPs: 54
         500   2.2680524125462398E-011   1.1524000000000001E-002   6.6688060760498047E-003        7231       12495
Total Mega-FLOPs: 404
        1000   5.5308646551566198E-011   8.5879999999999998E-002   4.5634031295776367E-002        7762       14608
Total Mega-FLOPs: 1327.5
        1500   1.1004885891452432E-010  0.33135199999999998       0.16924500465393066             6790       13294
Total Mega-FLOPs: 3112
        2000   1.6621015674900264E-010  0.88324099999999994       0.45313000679016113             6038       11769
Total Mega-FLOPs: 10386
        3000   3.1718627724330872E-010   3.4657939999999998        1.7485070228576660             5193       10294
Total Mega-FLOPs: 24512
        4000   4.8453330236952752E-010   7.8369789999999995        3.9460718631744385             5444       10812
Total Mega-FLOPs: 47800
        5000   6.7029759520664811E-010   16.453693000000001        8.3283181190490723             5064       10006
Total Mega-FLOPs: 82512
        6000   8.9039531303569674E-010   26.587374999999998        13.343852043151855             5416       10791
Total Mega-FLOPs: 130928
        7000   1.1395968613214791E-009   42.348070000000000        21.244013071060181             5399       10763
Total Mega-FLOPs: 195456
        8000   1.3860699255019426E-009   73.175937000000005        36.677355051040649             4664        9306
Total Mega-FLOPs: 278316
        9000   1.6580088413320482E-009   96.561144999999996        48.860462188720703             5033        9946
Total Mega-FLOPs: 382000
       10000   1.9317667465656996E-009   131.85236499999999        66.185289144515991             5056       10072
===== THREADS: 4 =====
Total Mega-FLOPs: 0.66
         100   1.5312195955630159E-012   1.3940000000000003E-003   6.8211555480957031E-004         478         977
Total Mega-FLOPs: 54.5
         500   1.7706724975141697E-011   4.9640999999999998E-002   1.3566970825195312E-002        1678        6142
Total Mega-FLOPs: 404
        1000   5.6388671509921551E-011   9.2558000000000001E-002   2.5607824325561523E-002        7202       26033
Total Mega-FLOPs: 1327.5
        1500   1.0754774848464876E-010  0.37082700000000002        9.8598003387451172E-002        6067       22819
Total Mega-FLOPs: 3112
        2000   1.6393641999457031E-010  0.97656699999999996       0.25324606895446777             5461       21059
Total Mega-FLOPs: 10386
        3000   3.1309355108533055E-010   4.0419649999999994        1.0419621467590332             4453       17275
Total Mega-FLOPs: 24512
        4000   4.8316906031686813E-010   10.211315999999998        2.5974700450897217             4178       16426
Total Mega-FLOPs: 47800
        5000   6.7302607931196690E-010   20.959993000000001        5.3277070522308350             3975       15641
Total Mega-FLOPs: 82512
        6000   8.9312379714101553E-010   36.366234999999996        9.1826319694519043             3959       15681
Total Mega-FLOPs: 130928
        7000   1.1377778719179332E-009   57.590125000000000        14.501055955886841             3970       15768
Total Mega-FLOPs: 195456
        8000   1.3815224519930780E-009   90.333675999999997        22.944422960281372             3778       14876
Total Mega-FLOPs: 278478
        9000   1.6252670320682228E-009   125.04846199999999        31.416033029556274             3886       15469
Total Mega-FLOPs: 382000
       10000   1.9244907889515162E-009   172.72771499999999        43.451128959655762             3859       15342
===== THREADS: 8 =====
Total Mega-FLOPs: 0.66
         100   1.4068746168049984E-012   3.4219999999999993E-003   1.0380744934082031E-003         194         642
Total Mega-FLOPs: 54.5
         500   1.6711965145077556E-011  0.19764599999999999        2.6791095733642578E-002         421        3110
Total Mega-FLOPs: 404
        1000   5.6047610996756703E-011   9.1729999999999992E-002   1.4623880386352539E-002        7267       45587
Total Mega-FLOPs: 1327.5
        1500   1.0982148523908108E-010  0.37917399999999996        5.1823854446411133E-002        5933       43416
Total Mega-FLOPs: 3112
        2000   1.6598278307355940E-010   1.5721069999999999       0.21202182769775391             3392       25154
Total Mega-FLOPs: 10386
        3000   3.1218405638355762E-010   7.6132799999999996       0.98518300056457520             2364       18270
Total Mega-FLOPs: 24512
        4000   4.8567017074674368E-010   19.640042000000001        2.5406570434570312             2172       16793
Total Mega-FLOPs: 47800
        5000   6.7166183725930750E-010   39.926206999999998        5.1116321086883545             2087       16302
Total Mega-FLOPs: 82512
        6000   8.8402885012328625E-010   70.374973999999995        8.9651699066162109             2046       16062
Total Mega-FLOPs: 130928
        7000   1.1405063560232520E-009   113.02576699999999        14.319303989410400             2023       15969
Total Mega-FLOPs: 195584
        8000   1.3569660950452089E-009   170.30774000000000        21.593616008758545             2004       15807
Total Mega-FLOPs: 278478
        9000   1.6370904631912708E-009   243.17120700000001        30.716242074966431             1998       15822
Total Mega-FLOPs: 382000
       10000   1.9299477571621537E-009   334.82841699999994        42.288053035736084             1991       15764
===== THREADS: 10 =====
Total Mega-FLOPs: 0.66
         100   1.5631940186722204E-012   4.8079999999999998E-003   1.1639595031738281E-003         138         572
Total Mega-FLOPs: 54.5
         500   1.7109869077103212E-011  0.24458699999999997        2.7086973190307617E-002         340        3076
Total Mega-FLOPs: 404
        1000   5.4967586038401350E-011  0.44518300000000000        4.7496080398559570E-002        1497       14036
Total Mega-FLOPs: 1327.5
        1500   1.1073097994085401E-010  0.44184599999999996        4.8132896423339844E-002        5092       46745
Total Mega-FLOPs: 3112
        2000   1.6621015674900264E-010   1.7707469999999998       0.19986081123352051             3011       26685
Total Mega-FLOPs: 10386
        3000   3.1059244065545499E-010   9.3681950000000001       0.99167585372924805             1921       18151
Total Mega-FLOPs: 24512
        4000   4.8385118134319782E-010   24.737126999999997        2.5980930328369141             1724       16422
Total Mega-FLOPs: 47800
        5000   6.7393557401373982E-010   49.928188999999996        5.1442041397094727             1669       16199
Total Mega-FLOPs: 82512
        6000   8.9130480773746967E-010   88.231458999999987        8.9916701316833496             1632       16014
Total Mega-FLOPs: 130928
        7000   1.1377778719179332E-009   141.90579099999999        14.400018930435181             1611       15879
Total Mega-FLOPs: 195456
        8000   1.3924363884143531E-009   214.22887399999999        21.644055843353271             1593       15770
Total Mega-FLOPs: 278316
        9000   1.6689227777533233E-009   305.40833499999997        30.905761003494263             1591       15725
Total Mega-FLOPs: 382000
       10000   1.9335857359692454E-009   419.80151999999998        42.339825868606567             1588       15745
===== THREADS: 16 =====
Total Mega-FLOPs: 0.66
         100   1.5916157281026244E-012   8.8640000000000004E-003   1.9268989562988281E-003          75         345
Total Mega-FLOPs: 54.5
         500   1.7223555914824829E-011  0.20435799999999998        1.6853094100952148E-002         407        4944
Total Mega-FLOPs: 404
        1000   5.6843418860808015E-011  0.58085499999999990        4.1653871536254883E-002        1147       16004
Total Mega-FLOPs: 1327.5
        1500   1.0913936421275139E-010  0.60358599999999996        5.0877094268798828E-002        3727       44224
Total Mega-FLOPs: 3112
        2000   1.6439116734545678E-010   2.5076959999999997       0.19595289230346680             2126       27217
Total Mega-FLOPs: 10386
        3000   3.1332092476077378E-010   13.776402999999998       0.98411488533020020             1306       18290
Total Mega-FLOPs: 24512
        4000   4.8430592869408429E-010   36.408498999999999        2.5943300724029541             1171       16446
Total Mega-FLOPs: 47800
        5000   6.7211658461019397E-010   73.430588000000000        5.2022659778594971             1134       16018
Total Mega-FLOPs: 82512
        6000   8.8766682893037796E-010   129.23439299999998        9.0385210514068604             1114       15931
Total Mega-FLOPs: 131026
        7000   1.1104930308647454E-009   208.42425099999997        14.528833150863647             1097       15738
Total Mega-FLOPs: 195456
        8000   1.3787939678877592E-009   311.65554299999997        21.648692846298218             1095       15766
Total Mega-FLOPs: 278316
        9000   1.6589183360338211E-009   446.42573400000003        31.018837928771973             1088       15667
Total Mega-FLOPs: 382000
       10000   1.9217623048461974E-009   614.31002999999998        42.565473079681396             1085       15662
===== THREADS: 20 =====
Total Mega-FLOPs: 0.66
         100   1.4352963262354024E-012   1.2541999999999999E-002   2.2778511047363281E-003          53         292
Total Mega-FLOPs: 54.5
         500   1.7223555914824829E-011  0.17210900000000001        1.2786865234375000E-002         484        6517
Total Mega-FLOPs: 404
        1000   5.5024429457262158E-011  0.17740599999999998        1.4842987060546875E-002        3757       44914
Total Mega-FLOPs: 1327.5
        1500   1.0868461686186492E-010  0.87096899999999999        5.2920103073120117E-002        2583       42516
Total Mega-FLOPs: 3112
        2000   1.6484591469634324E-010   3.7232529999999997       0.20398497581481934             1432       26145
Total Mega-FLOPs: 10386
        3000   3.1377567211166024E-010   18.902903999999999       0.99111795425415039              952       18161
Total Mega-FLOPs: 24512
        4000   4.8703441279940307E-010   49.434430999999996        2.5426349639892578              863       16780
Total Mega-FLOPs: 47800
        5000   6.7166183725930750E-010   100.45795200000001        5.1501629352569580              829       16180
Total Mega-FLOPs: 82512
        6000   8.8402885012328625E-010   177.72446199999999        9.0243449211120605              810       15956
Total Mega-FLOPs: 130928
        7000   1.1377778719179332E-009   286.81190600000002        14.613807201385498              797       15647
Total Mega-FLOPs: 195456
        8000   1.3806129572913051E-009   427.51735300000001        21.629041910171509              798       15781
Total Mega-FLOPs: 278478
        9000   1.6252670320682228E-009   611.17389599999990        30.921728849411011              795       15717
Total Mega-FLOPs: 382000
       10000   1.9235812942497432E-009   840.48120899999992        42.507822990417480              793       15683
