===== THREADS: 1 =====
Total Mega-FLOPs: 0.24
         100   5.6843418860808015E-014   2.2699999999999977E-004   2.2602081298828125E-004        2936        2949
Total Mega-FLOPs: 5
         500   3.4106051316484809E-013   1.2459999999999997E-003   1.2481212615966797E-003       66880       66767
Total Mega-FLOPs: 18
        1000   6.8212102632969618E-013   3.6749999999999994E-003   3.6809444427490234E-003      181405      181112
Total Mega-FLOPs: 40.5
        1500   6.8212102632969618E-013   1.0643000000000000E-002   1.0715007781982422E-002      211406      209985
Total Mega-FLOPs: 64
        2000   1.8189894035458565E-012   1.7774000000000005E-002   1.7850875854492188E-002      300063      298771
Total Mega-FLOPs: 144
        3000   1.3642420526593924E-012   4.4742999999999991E-002   4.4864892959594727E-002      402297      401204
Total Mega-FLOPs: 256
        4000   2.2737367544323206E-012   8.0445000000000016E-002   8.0620050430297852E-002      530383      529231
Total Mega-FLOPs: 350
        5000   3.6379788070917130E-012  0.11087800000000000       0.11112499237060547           751576      749906
Total Mega-FLOPs: 504
        6000   4.5474735088646412E-012  0.15958800000000001       0.15992403030395508           902323      900427
Total Mega-FLOPs: 686
        7000   3.6379788070917130E-012  0.21731100000000003       0.21770620346069336          1052255     1050345
Total Mega-FLOPs: 896
        8000   2.7284841053187847E-012  0.28352800000000000       0.28405809402465820          1203878     1201632
Total Mega-FLOPs: 1134
        9000   5.4569682106375694E-012  0.36017600000000005       0.36086893081665039          1349340     1346749
Total Mega-FLOPs: 1400
       10000   5.4569682106375694E-012  0.44361299999999992       0.44447088241577148          1502811     1499910
===== THREADS: 2 =====
Total Mega-FLOPs: 0.24
         100   7.1054273576010019E-014   4.8200000000000022E-004   3.9792060852050781E-004        1383        1675
Total Mega-FLOPs: 5
         500   3.4106051316484809E-013   1.4559999999999998E-003   8.5496902465820312E-004       57234       97469
Total Mega-FLOPs: 18
        1000   6.8212102632969618E-013   4.2679999999999992E-003   2.3868083953857422E-003      156201      279313
Total Mega-FLOPs: 40.5
        1500   6.8212102632969618E-013   1.1311000000000002E-002   5.9168338775634766E-003      198921      380270
Total Mega-FLOPs: 64
        2000   1.1368683772161603E-012   2.0093999999999994E-002   1.0614156723022461E-002      265419      502473
Total Mega-FLOPs: 144
        3000   1.3642420526593924E-012   4.7750000000000001E-002   2.4685859680175781E-002      376963      729162
Total Mega-FLOPs: 256
        4000   1.8189894035458565E-012   8.4726999999999997E-002   4.4003963470458984E-002      503578      969609
Total Mega-FLOPs: 350
        5000   3.6379788070917130E-012  0.11889500000000003        6.0888767242431641E-002      700898     1368615
Total Mega-FLOPs: 504
        6000   4.5474735088646412E-012  0.17825399999999997        8.9670896530151367E-002      807836     1605872
Total Mega-FLOPs: 686
        7000   3.6379788070917130E-012  0.23198299999999999       0.11811113357543945           985704     1936029
Total Mega-FLOPs: 896
        8000   3.6379788070917130E-012  0.30836500000000000       0.15542984008789062          1106913     2196060
Total Mega-FLOPs: 1134
        9000   4.5474735088646412E-012  0.38652500000000001       0.19601202011108398          1257357     2479439
Total Mega-FLOPs: 1400
       10000   5.4569682106375694E-012  0.46329299999999995       0.23325800895690918          1438974     2858065
===== THREADS: 4 =====
Total Mega-FLOPs: 0.24
         100   5.6843418860808015E-014   1.1789999999999999E-003   5.2285194396972656E-004         565        1275
Total Mega-FLOPs: 5
         500   2.8421709430404007E-013   2.2929999999999999E-003   9.2601776123046875E-004       36342       89991
Total Mega-FLOPs: 18
        1000   6.8212102632969618E-013   4.9299999999999986E-003   1.5950202941894531E-003      135226      417967
Total Mega-FLOPs: 40.5
        1500   6.8212102632969618E-013   1.2496000000000000E-002   3.6478042602539062E-003      180057      616809
Total Mega-FLOPs: 64
        2000   1.3642420526593924E-012   2.3713999999999999E-002   6.7210197448730469E-003      224902      793530
Total Mega-FLOPs: 144
        3000   1.3642420526593924E-012   6.0192999999999997E-002   1.6061067581176758E-002      299038     1120722
Total Mega-FLOPs: 256
        4000   1.8189894035458565E-012  0.11048099999999997        2.8984069824218750E-002      386190     1472073
Total Mega-FLOPs: 350
        5000   4.5474735088646412E-012  0.15450300000000000        3.9705991744995117E-002      539363     2098759
Total Mega-FLOPs: 504
        6000   5.4569682106375694E-012  0.22594399999999998        5.8098077774047852E-002      637326     2478567
Total Mega-FLOPs: 686
        7000   3.6379788070917130E-012  0.30663599999999996        7.8279018402099609E-002      745726     2921174
Total Mega-FLOPs: 896
        8000   2.7284841053187847E-012  0.41166800000000003       0.10513591766357422           829147     3246591
Total Mega-FLOPs: 1134
        9000   5.4569682106375694E-012  0.51580899999999985       0.13111400604248047           942209     3706697
Total Mega-FLOPs: 1400
       10000   5.4569682106375694E-012  0.63336499999999996       0.16040992736816406          1052578     4156018
===== THREADS: 8 =====
Total Mega-FLOPs: 0.24
         100   8.5265128291212022E-014   2.0369999999999997E-003   6.5112113952636719E-004         327        1023
Total Mega-FLOPs: 5
         500   3.9790393202565610E-013   1.4364000000000002E-002   2.4061203002929688E-003        5801       34633
Total Mega-FLOPs: 18
        1000   9.0949470177292824E-013   5.8029999999999991E-003   1.2319087982177734E-003      114883      541165
Total Mega-FLOPs: 40.5
        1500   9.0949470177292824E-013   1.4720999999999998E-002   2.4650096893310547E-003      152842      912775
Total Mega-FLOPs: 64
        2000   1.3642420526593924E-012   3.6190000000000000E-002   5.3071975708007812E-003      147370     1004924
Total Mega-FLOPs: 144
        3000   1.8189894035458565E-012  0.11039599999999999        1.4991044998168945E-002      163049     1200716
Total Mega-FLOPs: 256
        4000   1.3642420526593924E-012  0.20994900000000002        2.7812957763671875E-002      203223     1534057
Total Mega-FLOPs: 350
        5000   3.6379788070917130E-012  0.29670500000000000        3.8418054580688477E-002      280862     2169119
Total Mega-FLOPs: 504
        6000   4.5474735088646412E-012  0.43607499999999993        5.6280851364135742E-002      330218     2558596
Total Mega-FLOPs: 686
        7000   4.5474735088646412E-012  0.59467299999999979        7.6256990432739258E-002      384525     2998632
Total Mega-FLOPs: 896
        8000   3.6379788070917130E-012  0.77980700000000003        9.9694967269897461E-002      437715     3423777
Total Mega-FLOPs: 1134
        9000   5.4569682106375694E-012  0.99306699999999981       0.12694787979125977           489392     3828342
Total Mega-FLOPs: 1400
       10000   5.4569682106375694E-012   1.2256469999999999       0.15615010261535645           543930     4269396
===== THREADS: 10 =====
Total Mega-FLOPs: 0.24
         100   7.1054273576010019E-014   3.2979999999999997E-003   8.6498260498046875E-004         202         770
Total Mega-FLOPs: 5
         500   3.9790393202565610E-013   2.0496999999999998E-002   2.6841163635253906E-003        4065       31046
Total Mega-FLOPs: 18
        1000   6.8212102632969618E-013   1.4423999999999999E-002   2.1069049835205078E-003       46219      316419
Total Mega-FLOPs: 40.5
        1500   9.0949470177292824E-013   1.6200000000000003E-002   2.3238658905029297E-003      138888      968214
Total Mega-FLOPs: 64
        2000   1.3642420526593924E-012   4.0843000000000004E-002   5.1629543304443359E-003      130581     1033000
Total Mega-FLOPs: 144
        3000   1.3642420526593924E-012  0.13550699999999999        1.4838933944702148E-002      132834     1213025
Total Mega-FLOPs: 256
        4000   1.8189894035458565E-012  0.25564500000000001        3.1111001968383789E-002      166898     1371433
Total Mega-FLOPs: 350
        5000   3.6379788070917130E-012  0.37052900000000000        3.8421154022216797E-002      224903     2168944
Total Mega-FLOPs: 504
        6000   4.5474735088646412E-012  0.54571400000000003        5.6013822555541992E-002      263874     2570794
Total Mega-FLOPs: 686
        7000   3.6379788070917130E-012  0.74536799999999981        7.6322078704833984E-002      306783     2996075
Total Mega-FLOPs: 896
        8000   2.7284841053187847E-012   1.0118669999999998       0.12391495704650879           337330     2754577
Total Mega-FLOPs: 1134
        9000   5.4569682106375694E-012   1.1993220000000000       0.14767289161682129           405228     3291057
Total Mega-FLOPs: 1400
       10000   5.4569682106375694E-012   1.4780650000000000       0.18132710456848145           451040     3676596
===== THREADS: 16 =====
Total Mega-FLOPs: 0.24
         100   5.6843418860808015E-014   4.5719999999999997E-003   1.2829303741455078E-003         145         519
Total Mega-FLOPs: 5
         500   3.4106051316484809E-013   1.6752000000000000E-002   2.2871494293212891E-003        4974       36435
Total Mega-FLOPs: 18
        1000   5.6843418860808015E-013   1.1927999999999998E-002   1.8491744995117188E-003       55890      360521
Total Mega-FLOPs: 40.5
        1500   6.8212102632969618E-013   2.3706999999999999E-002   2.7759075164794922E-003       94908      810545
Total Mega-FLOPs: 64
        2000   1.3642420526593924E-012   6.9694000000000006E-002   6.0279369354248047E-003       76525      884769
Total Mega-FLOPs: 144
        3000   1.3642420526593924E-012  0.23780999999999997        1.7081022262573242E-002       75690     1053801
Total Mega-FLOPs: 256
        4000   2.2737367544323206E-012  0.38258999999999999        2.9130935668945312E-002      111520     1464651
Total Mega-FLOPs: 350
        5000   4.5474735088646412E-012  0.55703000000000003        4.0032863616943359E-002      149602     2081623
Total Mega-FLOPs: 504
        6000   4.5474735088646412E-012  0.81729499999999988        5.8104991912841797E-002      176190     2478272
Total Mega-FLOPs: 686
        7000   4.5474735088646412E-012   1.0968439999999999        7.7553033828735352E-002      208476     2948520
Total Mega-FLOPs: 896
        8000   2.7284841053187847E-012   1.4929610000000000       0.10067009925842285           228628     3390612
Total Mega-FLOPs: 1134
        9000   4.5474735088646412E-012   1.8298000000000001       0.13138508796691895           265602     3699050
Total Mega-FLOPs: 1400
       10000   5.4569682106375694E-012   2.2440209999999996       0.16152882575988770           297085     4127230
===== THREADS: 20 =====
Total Mega-FLOPs: 0.24
         100   5.6843418860808015E-014   9.4240000000000001E-003   1.6281604766845703E-003          70         409
Total Mega-FLOPs: 5
         500   2.2737367544323206E-013   1.4505000000000001E-002   2.1369457244873047E-003        5745       38996
Total Mega-FLOPs: 18
        1000   6.8212102632969618E-013   1.1865999999999998E-002   2.0070075988769531E-003       56182      332169
Total Mega-FLOPs: 40.5
        1500   6.8212102632969618E-013   2.9611999999999999E-002   3.6580562591552734E-003       75982      615080
Total Mega-FLOPs: 64
        2000   1.5916157281026244E-012   7.6066999999999996E-002   6.2539577484130859E-003       70113      852793
Total Mega-FLOPs: 144
        3000   1.8189894035458565E-012  0.25719300000000000        1.5854120254516602E-002       69986     1135351
Total Mega-FLOPs: 256
        4000   2.2737367544323206E-012  0.50641300000000000        2.8606891632080078E-002       84252     1491482
Total Mega-FLOPs: 350
        5000   4.5474735088646412E-012  0.72045699999999990        4.0073871612548828E-002      115667     2079493
Total Mega-FLOPs: 504
        6000   4.5474735088646412E-012   1.0459550000000000        6.0760021209716797E-002      137673     2369979
Total Mega-FLOPs: 686
        7000   3.6379788070917130E-012   1.4229790000000000        8.0510139465332031E-002      160695     2840222
Total Mega-FLOPs: 896
        8000   2.7284841053187847E-012   1.8822579999999998       0.10608315467834473           181342     3217601
Total Mega-FLOPs: 1134
        9000   5.4569682106375694E-012   2.3705930000000000       0.13420581817626953           205012     3621303
Total Mega-FLOPs: 1400
       10000   3.6379788070917130E-012   2.9693490000000002       0.16399502754211426           224516     4065164
