         100   1.7053025658242404E-013   1.4800000000000013E-004   1.5115737915039062E-004        4504        4410
         500   1.9326762412674725E-012   1.7891999999999998E-002   1.7979860305786133E-002        4657        4634
        1000   8.9812601800076663E-012  0.13285000000000000       0.13314008712768555             5018        5007
        1500   9.5496943686157465E-012  0.52097299999999991       0.52226519584655762             4318        4308
        2000   2.0463630789890885E-011   1.4054840000000000        1.4089598655700684             3794        3785
        3000   3.8653524825349450E-011   5.8060969999999994        5.8174920082092285             3100        3094
        4000   7.0940586738288403E-011   15.353802999999999        15.382756948471069             2778        2773
        5000   7.1850081440061331E-011   30.601828999999999        30.653585910797119             2723        2718
        6000   1.2278178473934531E-010   54.830212999999993        54.928716897964478             2626        2621
        7000   1.1641532182693481E-010   86.552953000000002        86.699421167373657             2641        2637
        8000   1.9826984498649836E-010   131.86704300000000        132.08802413940430             2588        2584
        9000   2.1645973902195692E-010   188.33648300000002        188.65369510650635             2580        2576
       10000   2.5102053768932819E-010   256.49115700000004        256.91866302490234             2599        2594
