Total Mega-FLOPs: 0.24
         100   1.4210854715202004E-014   1.1600000000000022E-004   1.1897087097167969E-004        5747        5603
Total Mega-FLOPs: 5
         500   1.1368683772161603E-013   1.3099999999999995E-003   1.3208389282226562E-003       63613       63091
Total Mega-FLOPs: 18
        1000   2.2737367544323206E-013   4.0459999999999992E-003   4.0709972381591797E-003      164771      163760
Total Mega-FLOPs: 40.5
        1500   6.8212102632969618E-013   9.9009999999999966E-003   9.9420547485351562E-003      227249      226311
Total Mega-FLOPs: 64
        2000   6.8212102632969618E-013   1.6389000000000001E-002   1.6436100006103516E-002      325421      324488
Total Mega-FLOPs: 144
        3000   1.3642420526593924E-012   4.2755000000000001E-002   4.2840003967285156E-002      421003      420168
Total Mega-FLOPs: 256
        4000   1.1368683772161603E-012   7.4957999999999997E-002   7.5088977813720703E-002      569207      568214
Total Mega-FLOPs: 350
        5000   1.8189894035458565E-012  0.10689499999999999       0.10708498954772949           779581      778198
Total Mega-FLOPs: 504
        6000   2.7284841053187847E-012  0.14993600000000001       0.15018606185913086           960409      958810
Total Mega-FLOPs: 686
        7000   2.7284841053187847E-012  0.21130400000000005       0.21165895462036133          1082169     1080354
Total Mega-FLOPs: 896
        8000   1.8189894035458565E-012  0.26761799999999991       0.26803207397460938          1275449     1273479
Total Mega-FLOPs: 1134
        9000   3.6379788070917130E-012  0.33929099999999990       0.33981513977050781          1432398     1430189
Total Mega-FLOPs: 1400
       10000   3.6379788070917130E-012  0.43211600000000006       0.43283700942993164          1542795     1540225
