Total Mega-FLOPs: 0.24
         100   2.1316282072803006E-014   5.7799999999999995E-004   5.7983398437500000E-004        1153        1149
Total Mega-FLOPs: 5
         500   1.7053025658242404E-013   8.8529999999999998E-003   8.9008808135986328E-003        9413        9362
Total Mega-FLOPs: 18
        1000   3.4106051316484809E-013   2.8775999999999999E-002   2.8836011886596680E-002       23167       23119
Total Mega-FLOPs: 40.5
        1500   6.8212102632969618E-013   6.2969999999999998E-002   6.3080072402954102E-002       35731       35668
Total Mega-FLOPs: 64
        2000   9.0949470177292824E-013   9.9289999999999989E-002   9.9519968032836914E-002       53714       53590
Total Mega-FLOPs: 144
        3000   9.0949470177292824E-013  0.22200999999999999       0.22234296798706055            81077       80956
Total Mega-FLOPs: 256
        4000   1.3642420526593924E-012  0.39491699999999996       0.39550113677978516           108039      107880
Total Mega-FLOPs: 350
        5000   1.8189894035458565E-012  0.53934799999999994       0.54021596908569336           154507      154259
Total Mega-FLOPs: 504
        6000   1.8189894035458565E-012  0.77685600000000010       0.77801203727722168           185362      185087
Total Mega-FLOPs: 686
        7000   2.7284841053187847E-012   1.0579339999999999        1.0595331192016602           216144      215818
Total Mega-FLOPs: 896
        8000   1.8189894035458565E-012   1.3808269999999998        1.3828361034393311           247194      246835
Total Mega-FLOPs: 1134
        9000   3.6379788070917130E-012   1.7489290000000002        1.7516000270843506           277884      277460
Total Mega-FLOPs: 1400
       10000   3.6379788070917130E-012   2.1625179999999995        2.1661801338195801           308282      307761
