         100   1.1368683772161603E-013   1.8440000000000002E-003   1.8520355224609375E-003         361         359
         500   1.8758328224066645E-012  0.18562000000000001       0.18594312667846680              448         448
        1000   7.7307049650698900E-012   1.4519160000000000        1.4541079998016357              459         458
        1500   8.8675733422860503E-012   4.8695089999999999        4.8773550987243652              462         461
        2000   1.9554136088117957E-011   11.624397000000000        11.642291069030762              458         458
        3000   3.3196556614711881E-011   39.291331999999997        39.350775003433228              458         457
        4000   6.4119376474991441E-011   93.292372000000000        93.433119058609009              457         456
        5000   9.0949470177292824E-011   181.73831000000001        182.00581979751587              458         457
        6000   1.1823431123048067E-010   313.93807900000002        314.44535708427429              458         457
        7000   1.2278178473934531E-010   498.20810000000000        498.98848009109497              458         458
        8000   1.9645085558295250E-010   743.87326599999994        744.99520015716553              458         458
        9000   2.1827872842550278E-010   1056.9728170000001        1058.5524909496307              459         459
       10000   2.5647750589996576E-010   1450.6855120000000        1453.0201389789581              459         458
