         100   8.9315221885044593E-012   1.8170000000000000E-003   1.8248558044433594E-003         366         365
         500   8.6533873400185257E-009  0.18426600000000001       0.18454885482788086              452         451
        1000   3.3567175705684349E-009   1.4443029999999999        1.4464089870452881              461         460
        1500   1.1876579719682923E-009   4.8661269999999996        4.8738470077514648              462         461
        2000   5.8118985180044547E-009   11.586969999999999        11.604439973831177              460         459
        3000   4.1153953134198673E-008   39.257807000000000        39.318372964859009              458         457
        4000   1.5806409692231682E-007   93.092973000000001        93.234851121902466              458         457
        5000   1.5059094948810525E-007   181.46001400000000        181.73462915420532              459         458
        6000   4.7931451696570093E-008   313.57775699999996        314.08321309089661              459         458
        7000   9.6463281806791201E-008   497.34022099999999        498.08836817741394              459         459
        8000   3.1357012630905956E-007   742.62500999999997        743.77921390533447              459         458
        9000   9.7976453616865911E-008   1055.4030579999999        1057.0144999027252              460         459
       10000   1.9021354091819376E-007   1448.2778200000000        1450.5109250545502              460         459
