===== THREADS: 1 =====
Total Mega-FLOPs: 0.22
         100   5.6843418860808015E-014   1.5400000000000006E-004   1.6093254089355469E-004        4329        4142
Total Mega-FLOPs: 4.5
         500   2.8421709430404007E-013   1.3369999999999996E-003   1.3430118560791016E-003       62328       62049
Total Mega-FLOPs: 16
        1000   5.6843418860808015E-013   4.1360000000000008E-003   4.1511058807373047E-003      161186      160599
Total Mega-FLOPs: 36
        1500   6.8212102632969618E-013   1.0841999999999997E-002   1.0877132415771484E-002      207526      206855
Total Mega-FLOPs: 56
        2000   1.3642420526593924E-012   1.7388999999999995E-002   1.7427921295166016E-002      306707      306022
Total Mega-FLOPs: 126
        3000   1.8189894035458565E-012   4.3720000000000009E-002   4.3803930282592773E-002      411710      410922
Total Mega-FLOPs: 224
        4000   1.8189894035458565E-012   8.0572999999999978E-002   8.0715179443359375E-002      529540      528607
Total Mega-FLOPs: 300
        5000   4.5474735088646412E-012  0.10900699999999999       0.10917592048645020           764476      763294
Total Mega-FLOPs: 432
        6000   5.4569682106375694E-012  0.15654399999999996       0.15680003166198730           919869      918367
Total Mega-FLOPs: 588
        7000   3.6379788070917130E-012  0.22157499999999997       0.22195911407470703          1032005     1030219
Total Mega-FLOPs: 768
        8000   2.7284841053187847E-012  0.28041899999999997       0.28085017204284668          1217226     1215357
Total Mega-FLOPs: 972
        9000   5.4569682106375694E-012  0.35555899999999996       0.35610318183898926          1366861     1364773
Total Mega-FLOPs: 1200
       10000   6.3664629124104977E-012  0.43470599999999993       0.43539214134216309          1533603     1531186
===== THREADS: 2 =====
Total Mega-FLOPs: 0.22
         100   4.2632564145606011E-014   2.3599999999999966E-004   2.4199485778808594E-004        2824        2754
Total Mega-FLOPs: 4.5
         500   3.4106051316484809E-013   1.2079999999999999E-003   1.0330677032470703E-003       68984       80665
Total Mega-FLOPs: 16
        1000   4.5474735088646412E-013   3.5930000000000007E-003   2.2249221801757812E-003      185545      299635
Total Mega-FLOPs: 36
        1500   9.0949470177292824E-013   1.1210999999999999E-002   5.7580471038818359E-003      200695      390757
Total Mega-FLOPs: 56
        2000   1.3642420526593924E-012   1.9996000000000000E-002   1.0272979736328125E-002      266720      519161
Total Mega-FLOPs: 126
        3000   1.8189894035458565E-012   4.8669999999999991E-002   2.4661064147949219E-002      369837      729895
Total Mega-FLOPs: 224
        4000   1.8189894035458565E-012   8.8144000000000000E-002   4.4593095779418945E-002      484056      956799
Total Mega-FLOPs: 300
        5000   4.0927261579781771E-012  0.11530500000000002        5.8341026306152344E-002      722720     1428383
Total Mega-FLOPs: 432
        6000   4.5474735088646412E-012  0.17683100000000002        8.8946104049682617E-002      814336     1618957
Total Mega-FLOPs: 588
        7000   3.6379788070917130E-012  0.22586699999999993       0.11328005790710449          1012395     2018596
Total Mega-FLOPs: 768
        8000   3.6379788070917130E-012  0.31191599999999997       0.15681815147399902          1094311     2176618
Total Mega-FLOPs: 972
        9000   4.5474735088646412E-012  0.37682899999999997       0.18935680389404297          1289709     2566583
Total Mega-FLOPs: 1200
       10000   4.5474735088646412E-012  0.48712799999999989       0.24450516700744629          1368565     2726595
===== THREADS: 4 =====
Total Mega-FLOPs: 0.22
         100   4.2632564145606011E-014   1.1029999999999998E-003   3.4403800964355469E-004         604        1937
Total Mega-FLOPs: 4.5
         500   2.8421709430404007E-013   9.2020000000000001E-003   2.4299621582031250E-003        9056       34294
Total Mega-FLOPs: 16
        1000   7.9580786405131221E-013   3.3589999999999991E-003   1.6210079193115234E-003      198471      411266
Total Mega-FLOPs: 36
        1500   6.8212102632969618E-013   1.2121999999999997E-002   3.3831596374511719E-003      185612      665058
Total Mega-FLOPs: 56
        2000   1.3642420526593924E-012   2.3506000000000006E-002   6.3951015472412109E-003      226892      833971
Total Mega-FLOPs: 126
        3000   1.8189894035458565E-012   5.8227000000000015E-002   1.5279054641723633E-002      309134     1178083
Total Mega-FLOPs: 224
        4000   2.2737367544323206E-012  0.10933500000000002        2.8223037719726562E-002      390237     1511767
Total Mega-FLOPs: 300
        5000   4.5474735088646412E-012  0.15512899999999999        3.9242029190063477E-002      537187     2123573
Total Mega-FLOPs: 432
        6000   4.5474735088646412E-012  0.22312100000000001        5.6524038314819336E-002      645389     2547588
Total Mega-FLOPs: 588
        7000   3.6379788070917130E-012  0.31171899999999997        7.8428983688354492E-002      733566     2915588
Total Mega-FLOPs: 768
        8000   2.7284841053187847E-012  0.41743899999999989       0.10499286651611328           817684     3251014
Total Mega-FLOPs: 972
        9000   5.4569682106375694E-012  0.51777099999999987       0.13035678863525391           938638     3728229
Total Mega-FLOPs: 1200
       10000   4.5474735088646412E-012  0.64150499999999999       0.16167378425598145          1039222     4123529
===== THREADS: 8 =====
Total Mega-FLOPs: 0.22
         100   7.1054273576010019E-014   1.5980000000000000E-003   6.2179565429687500E-004         417        1072
Total Mega-FLOPs: 4.5
         500   3.4106051316484809E-013   2.5334000000000002E-002   3.3979415893554688E-003        3289       24524
Total Mega-FLOPs: 16
        1000   5.6843418860808015E-013   1.8131000000000001E-002   2.4700164794921875E-003       36769      269903
Total Mega-FLOPs: 36
        1500   6.8212102632969618E-013   1.6028000000000001E-002   2.3450851440429688E-003      140379      959453
Total Mega-FLOPs: 56
        2000   1.8189894035458565E-012   3.2783000000000000E-002   5.0358772277832031E-003      162685     1059067
Total Mega-FLOPs: 126
        3000   1.3642420526593924E-012  0.10825200000000000        1.4549970626831055E-002      166278     1237115
Total Mega-FLOPs: 224
        4000   9.0949470177292824E-013  0.21558000000000002        2.7533054351806641E-002      197915     1549652
Total Mega-FLOPs: 300
        5000   4.0927261579781771E-012  0.29824700000000004        3.8374185562133789E-002      279410     2171598
Total Mega-FLOPs: 432
        6000   4.5474735088646412E-012  0.43890199999999996        5.5768966674804688E-002      328091     2582081
Total Mega-FLOPs: 588
        7000   4.5474735088646412E-012  0.59824200000000005        7.5990915298461914E-002      382231     3009131
Total Mega-FLOPs: 768
        8000   2.7284841053187847E-012  0.79840599999999984       0.10048890113830566           427518     3396726
Total Mega-FLOPs: 972
        9000   3.6379788070917130E-012   1.0063970000000000       0.12659478187561035           482910     3839020
Total Mega-FLOPs: 1200
       10000   3.6379788070917130E-012   1.2389770000000002       0.15636897087097168           538078     4263420
===== THREADS: 10 =====
Total Mega-FLOPs: 0.22
         100   6.3948846218409017E-014   6.6400000000000009E-004   6.6709518432617188E-004        1004         999
Total Mega-FLOPs: 4.5
         500   2.8421709430404007E-013   2.5306999999999996E-002   3.5119056701660156E-003        3292       23728
Total Mega-FLOPs: 16
        1000   6.8212102632969618E-013   4.2007999999999997E-002   5.2180290222167969E-003       15869      127762
Total Mega-FLOPs: 36
        1500   6.8212102632969618E-013   1.5681999999999998E-002   2.4178028106689453E-003      143476      930597
Total Mega-FLOPs: 56
        2000   1.3642420526593924E-012   3.8944999999999994E-002   4.9970149993896484E-003      136945     1067303
Total Mega-FLOPs: 126
        3000   1.8189894035458565E-012  0.13646700000000000        1.4666080474853516E-002      131900     1227321
Total Mega-FLOPs: 224
        4000   2.2737367544323206E-012  0.26647399999999999        2.7167081832885742E-002      160115     1570528
Total Mega-FLOPs: 300
        5000   4.0927261579781771E-012  0.37606200000000001        3.8271903991699219E-002      221594     2177402
Total Mega-FLOPs: 432
        6000   3.6379788070917130E-012  0.54471499999999995        5.5553197860717773E-002      264358     2592110
Total Mega-FLOPs: 588
        7000   3.6379788070917130E-012  0.75742099999999990        7.6292991638183594E-002      301901     2997217
Total Mega-FLOPs: 768
        8000   3.6379788070917130E-012  0.98844799999999988        9.9931001663208008E-002      345322     3415690
Total Mega-FLOPs: 972
        9000   5.4569682106375694E-012   1.2489019999999997       0.12645602226257324           389141     3843233
Total Mega-FLOPs: 1200
       10000   4.5474735088646412E-012   1.5507599999999999       0.15619301795959473           429896     4268223
===== THREADS: 16 =====
Total Mega-FLOPs: 0.22
         100   7.1054273576010019E-014   9.2200000000000008E-004   8.2111358642578125E-004         723         811
Total Mega-FLOPs: 4.5
         500   2.2737367544323206E-013   2.3326000000000000E-002   2.6438236236572266E-003        3572       31520
Total Mega-FLOPs: 16
        1000   6.8212102632969618E-013   3.2806000000000002E-002   2.9580593109130859E-003       20321      225372
Total Mega-FLOPs: 36
        1500   6.8212102632969618E-013   2.0141999999999997E-002   2.5229454040527344E-003      111706      891814
Total Mega-FLOPs: 56
        2000   1.3642420526593924E-012   6.5086000000000005E-002   5.1391124725341797E-003       81942     1037792
Total Mega-FLOPs: 126
        3000   1.3642420526593924E-012  0.22142200000000001        1.4794826507568359E-002       81292     1216641
Total Mega-FLOPs: 224
        4000   1.8189894035458565E-012  0.43311699999999997        2.7671098709106445E-002       98510     1541921
Total Mega-FLOPs: 300
        5000   4.5474735088646412E-012  0.60369399999999995        3.8758993148803711E-002      138039     2150038
Total Mega-FLOPs: 432
        6000   4.5474735088646412E-012  0.88103299999999996        5.6169033050537109E-002      163444     2563690
Total Mega-FLOPs: 588
        7000   3.6379788070917130E-012   1.2204569999999999        7.6962947845458984E-002      187361     2971126
Total Mega-FLOPs: 768
        8000   2.7284841053187847E-012   1.5951530000000003       0.10078597068786621           213981     3386714
Total Mega-FLOPs: 972
        9000   5.4569682106375694E-012   2.0101920000000000       0.12716889381408691           241767     3821689
Total Mega-FLOPs: 1200
       10000   4.5474735088646412E-012   2.4810699999999999       0.15666389465332031           268701     4255394
===== THREADS: 20 =====
Total Mega-FLOPs: 0.22
         100   4.9737991503207013E-014   8.7699999999999974E-004   8.8405609130859375E-004         760         754
Total Mega-FLOPs: 4.5
         500   2.8421709430404007E-013   2.3129999999999998E-002   2.4290084838867188E-003        3602       34307
Total Mega-FLOPs: 16
        1000   6.8212102632969618E-013   4.2297000000000001E-002   3.1790733337402344E-003       15761      209704
Total Mega-FLOPs: 36
        1500   9.0949470177292824E-013   3.0522999999999995E-002   2.6359558105468750E-003       73714      853580
Total Mega-FLOPs: 56
        2000   1.3642420526593924E-012   8.5191999999999990E-002   5.2809715270996094E-003       62603     1009915
Total Mega-FLOPs: 126
        3000   1.8189894035458565E-012  0.26953400000000000        1.4801979064941406E-002       66781     1216053
Total Mega-FLOPs: 224
        4000   1.3642420526593924E-012  0.53283999999999998        2.7693033218383789E-002       80074     1540700
Total Mega-FLOPs: 300
        5000   4.5474735088646412E-012  0.74113600000000002        3.8582801818847656E-002      112440     2159857
Total Mega-FLOPs: 432
        6000   4.5474735088646412E-012   1.0835199999999998        5.5830001831054688E-002      132900     2579258
Total Mega-FLOPs: 588
        7000   4.5474735088646412E-012   1.5210059999999999        7.7295064926147461E-002      150339     2958360
Total Mega-FLOPs: 768
        8000   2.7284841053187847E-012   1.9798769999999999       0.10059785842895508           172401     3393047
Total Mega-FLOPs: 972
        9000   5.4569682106375694E-012   2.5153999999999996       0.12681102752685547           193209     3832474
Total Mega-FLOPs: 1200
       10000   3.6379788070917130E-012   3.1148369999999996       0.15711212158203125           214029     4243254
