===== THREADS: 1 =====
         100   2.5055513219740533E-012   3.1799999999999971E-004   3.2091140747070312E-004        2096        2077
         500   6.7450400820234790E-010   1.9357999999999997E-002   1.9436120986938477E-002        4304        4287
        1000   2.5167707917717053E-009  0.13717099999999999       0.13745689392089844             4860        4850
        1500   1.4858869690215215E-009  0.52329800000000004       0.52470088005065918             4299        4288
        2000   1.1591168913582806E-008   1.4763020000000000        1.4799518585205078             3612        3603
        3000   1.2351620171102695E-008   5.9866169999999999        5.9988651275634766             3006        3000
        4000   8.9554873738961760E-008   15.257126999999999        15.285931825637817             2796        2791
        5000   1.0578833098406903E-007   30.566892999999997        30.618485212326050             2726        2721
        6000   8.3064151112921536E-008   53.832358999999997        53.921365976333618             2674        2670
        7000   3.2707112040952779E-007   87.715603000000002        87.870505809783936             2606        2602
        8000   1.8409650692774449E-007   134.40355199999999        134.64230203628540             2539        2535
        9000   8.8736669567879289E-008   190.82181599999998        191.15472197532654             2546        2542
       10000   3.4337972465436906E-007   259.57177299999995        260.02407002449036             2568        2563
===== THREADS: 2 =====
         100   1.1864287330354273E-009   4.3099999999999996E-004   4.3392181396484375E-004        1546        1536
         500   2.4346036298084073E-010   2.1151000000000000E-002   1.0842084884643555E-002        3939        7686
        1000   4.1376324588782154E-010  0.16118299999999999        8.0874919891357422E-002        4136        8243
        1500   1.5032583178253844E-008  0.57588099999999998       0.28938508033752441             3907        7775
        2000   3.5865923564415425E-009   1.8977280000000001       0.95279812812805176             2810        5597
        3000   1.7148662934118875E-008   9.0606460000000002        4.5420460700988770             1986        3962
        4000   2.0985316950827837E-007   24.451604000000000        12.256443023681641             1744        3481
        5000   3.3411879485356621E-008   50.434655999999997        25.277671813964844             1652        3296
        6000   4.4619810068979859E-008   89.991008000000008        45.109699010848999             1600        3192
        7000   1.0848452802747488E-007   145.45770299999998        72.907321929931641             1572        3136
        8000   6.9812813308089972E-008   218.24969400000001        109.44136691093445             1563        3118
        9000   2.4969722289824858E-007   314.75481800000000        157.75612807273865             1544        3080
       10000   2.8424256015568972E-007   430.27306099999998        215.66788196563721             1549        3091
===== THREADS: 4 =====
         100   6.9604766395059414E-011   5.7999999999999979E-004   5.8197975158691406E-004        1149        1145
         500   1.3474732440954540E-010   2.7380999999999996E-002   7.1218013763427734E-003        3043       11701
        1000   2.0421282442839583E-009  0.18062799999999998        4.5525074005126953E-002        3690       14643
        1500   2.3669599613640457E-009  0.65662099999999990       0.16531014442443848             3426       13610
        2000   4.3501131585799158E-009   2.7936190000000001       0.70209598541259766             1909        7596
        3000   1.7569163901498541E-008   15.231291999999998        3.8228960037231445             1181        4708
        4000   3.7561221688520163E-008   42.883733999999997        10.764629125595093              994        3963
        5000   4.3320142140146345E-008   89.106137000000004        22.367653846740723              935        3725
        6000   7.3011506174225360E-008   161.22936500000000        40.475199937820435              893        3557
        7000   5.9120793594047427E-008   262.33437699999996        65.841110944747925              871        3473
        8000   3.3891308710565227E-006   403.80286999999998        101.42050600051880              845        3365
        9000   1.7941783880814910E-007   580.34103899999991        145.65956497192383              837        3336
       10000   2.3914799385238439E-007   794.02223300000003        199.31140685081482              839        3344
===== THREADS: 8 =====
         100   1.7452705947107461E-012   3.9880000000000002E-003   7.6699256896972656E-004         167         869
         500   1.3091039363644086E-010   4.1139999999999996E-002   5.8081150054931641E-003        2025       14347
        1000   5.7627858041087165E-010  0.20005499999999998        2.5986909866333008E-002        3332       25653
        1500   5.2222048907424323E-009  0.71923599999999999        9.0910196304321289E-002        3128       24749
        2000   3.8669440982630476E-009   4.0538219999999994       0.51086020469665527             1315       10439
        3000   9.9653192364712595E-009   29.013324000000001        3.6511180400848389              620        4929
        4000   2.3084794520400465E-008   84.243891000000005        10.602024793624878              506        4024
        5000   8.1180587585549802E-008   177.56373199999999        22.342907905578613              469        3729
        6000   6.8283952714409679E-008   324.28817599999996        40.820693016052246              444        3527
        7000   1.3861335901310667E-007   526.84509599999990        66.301117897033691              434        3448
        8000   3.7703716770920437E-007   822.55926399999987        103.60146188735962              414        3294
        9000   2.7023907023249194E-007   1166.1882810000000        146.74103808403015              416        3311
       10000   2.8959402698092163E-007   1596.7828680000000        200.97262215614319              417        3317
===== THREADS: 10 =====
         100   1.5845103007450234E-012   4.5319999999999987E-003   7.5197219848632812E-004         147         886
         500   4.3459635890030768E-010   4.5190999999999995E-002   5.6190490722656250E-003        1844       14830
        1000   9.5459427029709332E-009  0.22951700000000000        2.3361921310424805E-002        2904       28536
        1500   6.1456830735551193E-009  0.77463499999999996        7.8800916671752930E-002        2904       28552
        2000   3.8686494008288719E-009   4.3763790000000000       0.44177198410034180             1218       12072
        3000   3.1267973099602386E-008   35.321297000000001        3.5622069835662842              509        5053
        4000   3.4349341149209067E-008   106.93688999999999        10.782077074050903              398        3957
        5000   1.3472981663653627E-007   227.27852000000001        22.915512084960938              366        3636
        6000   3.3848300518002361E-007   411.26496599999996        41.474431037902832              350        3472
        7000   6.2265598899102770E-008   668.09872999999993        67.364402055740356              342        3394
        8000   9.3531070888275281E-007   1038.6537659999999        104.78279495239258              328        3257
        9000   8.4412477008299902E-007   1483.2770790000000        149.54546904563904              327        3249
       10000   2.7803457669506315E-007   2028.8432889999999        204.57103395462036              328        3258
===== THREADS: 16 =====
         100   3.7090330806677230E-012   9.9550000000000003E-003   1.0511875152587891E-003          66         634
         500   3.0769342629355378E-010   8.7052000000000004E-002   6.5088272094726562E-003         957       12803
        1000   2.3992924980120733E-008  0.42079599999999995        2.7286052703857422E-002        1584       24432
        1500   3.4825120565074030E-009   1.3697750000000000        8.6291074752807617E-002        1642       26074
        2000   1.8515493138693273E-008   6.7385259999999993       0.42583489418029785              791       12524
        3000   1.1436759450589307E-007   57.244470000000000        3.6108241081237793              314        4985
        4000   2.6278144105162937E-008   170.83980000000000        10.775429010391235              249        3959
        5000   4.3032287067035213E-008   369.25610099999994        23.288679122924805              225        3578
        6000   8.2160113379359245E-008   672.74943899999994        42.435212850570679              214        3393
        7000   9.9582393886521459E-008   1096.8761069999998        69.163616895675659              208        3306
        8000   1.5655359675292857E-007   1682.1699520000000        106.12665891647339              202        3216
        9000   4.6105697038001381E-007   2421.0725140000000        152.76913905143738              200        3181
       10000   6.9465386332012713E-008   3312.9574920000000        209.97305893898010              201        3175
===== THREADS: 20 =====
         100   5.0661697059695143E-012   3.4729999999999995E-003   1.1961460113525391E-003         191         557
         500   1.3187673175707459E-010  0.10414899999999999        6.5400600433349609E-003         800       12741
        1000   1.0350390766689088E-008  0.48703900000000000        2.4849176406860352E-002        1368       26828
        1500   8.7368562162737362E-008   1.6033099999999998        8.1048965454101562E-002        1403       27760
        2000   2.7590658646658994E-009   8.5879960000000004       0.43492102622985840              621       12262
        3000   1.1883457773365080E-008   73.043329000000000        3.6977210044860840              246        4867
        4000   1.1290353540971410E-008   221.53514299999998        11.210805177688599              192        3805
        5000   3.9914993976708502E-008   469.25518999999997        23.742173910140991              177        3509
        6000   2.7087025955552235E-008   853.86015099999997        43.191799163818359              168        3333
        7000   5.0765265768859535E-008   1396.1295719999998        70.615184068679810              163        3238
        8000   1.7568891053088009E-007   2134.9879740000001        108.02227187156677              159        3159
        9000   1.7010324881994165E-007   3064.6542370000002        155.00467205047607              158        3135
       10000   3.0029832487343810E-007   4236.0008459999999        214.26627397537231              157        3111
