===== THREADS: 1 =====
Total Mega-FLOPs: 0.24
         100   5.6843418860808015E-014   2.4000000000000020E-004   2.3889541625976562E-004        2777        2790
Total Mega-FLOPs: 5
         500   2.8421709430404007E-013   1.2469999999999998E-003   1.2469291687011719E-003       66827       66830
Total Mega-FLOPs: 18
        1000   5.6843418860808015E-013   3.9240000000000004E-003   3.9529800415039062E-003      169894      168649
Total Mega-FLOPs: 40.5
        1500   9.0949470177292824E-013   1.0591999999999997E-002   1.0622024536132812E-002      212424      211824
Total Mega-FLOPs: 64
        2000   1.3642420526593924E-012   1.8243999999999996E-002   1.8325090408325195E-002      292333      291039
Total Mega-FLOPs: 144
        3000   1.3642420526593924E-012   4.7258999999999995E-002   4.7399044036865234E-002      380879      379754
Total Mega-FLOPs: 256
        4000   1.8189894035458565E-012   8.5073999999999983E-002   8.5291147232055664E-002      501524      500247
Total Mega-FLOPs: 350
        5000   3.6379788070917130E-012  0.11404999999999998       0.11426591873168945           730673      729293
Total Mega-FLOPs: 504
        6000   4.5474735088646412E-012  0.16389600000000004       0.16425299644470215           878605      876696
Total Mega-FLOPs: 686
        7000   4.5474735088646412E-012  0.22473199999999993       0.22516512870788574          1017508     1015551
Total Mega-FLOPs: 896
        8000   2.7284841053187847E-012  0.29181200000000007       0.29239988327026367          1169702     1167351
Total Mega-FLOPs: 1134
        9000   5.4569682106375694E-012  0.37442799999999987       0.37629103660583496          1297979     1291553
Total Mega-FLOPs: 1400
       10000   5.4569682106375694E-012  0.45569199999999999       0.45656585693359375          1462976     1460176
===== THREADS: 2 =====
Total Mega-FLOPs: 0.24
         100   7.1054273576010019E-014   3.9400000000000025E-004   3.1399726867675781E-004        1692        2123
Total Mega-FLOPs: 5
         500   3.4106051316484809E-013   1.6299999999999995E-003   1.0080337524414062E-003       51124       82669
Total Mega-FLOPs: 18
        1000   6.8212102632969618E-013   4.3609999999999986E-003   2.4209022521972656E-003      152870      275379
Total Mega-FLOPs: 40.5
        1500   6.8212102632969618E-013   1.1307999999999995E-002   5.9759616851806641E-003      198974      376508
Total Mega-FLOPs: 64
        2000   1.5916157281026244E-012   1.9812999999999997E-002   1.0529041290283203E-002      269183      506535
Total Mega-FLOPs: 144
        3000   1.3642420526593924E-012   4.8537999999999984E-002   2.5748014450073242E-002      370843      699083
Total Mega-FLOPs: 256
        4000   1.3642420526593924E-012   8.5727999999999999E-002   4.4192075729370117E-002      497698      965482
Total Mega-FLOPs: 350
        5000   3.6379788070917130E-012  0.11679899999999999        5.9038162231445312E-002      713476     1411516
Total Mega-FLOPs: 504
        6000   4.5474735088646412E-012  0.16680699999999998        8.4820032119750977E-002      863273     1697712
Total Mega-FLOPs: 686
        7000   3.6379788070917130E-012  0.23058200000000006       0.11648702621459961           991693     1963022
Total Mega-FLOPs: 896
        8000   2.7284841053187847E-012  0.30687700000000007       0.15441298484802246          1112280     2210522
Total Mega-FLOPs: 1134
        9000   5.4569682106375694E-012  0.38850899999999988       0.19630098342895508          1250936     2475790
Total Mega-FLOPs: 1400
       10000   5.4569682106375694E-012  0.49567199999999989       0.25067210197448730          1344975     2659516
===== THREADS: 4 =====
Total Mega-FLOPs: 0.24
         100   5.6843418860808015E-014   1.1760000000000000E-003   5.3906440734863281E-004         566        1236
Total Mega-FLOPs: 5
         500   2.8421709430404007E-013   2.7519999999999992E-003   1.0581016540527344E-003       30281       78757
Total Mega-FLOPs: 18
        1000   5.6843418860808015E-013   4.9499999999999995E-003   1.5580654144287109E-003      134680      427881
Total Mega-FLOPs: 40.5
        1500   6.8212102632969618E-013   1.2516999999999997E-002   3.5459995269775391E-003      179755      634517
Total Mega-FLOPs: 64
        2000   1.3642420526593924E-012   2.4313999999999995E-002   6.8848133087158203E-003      219352      774651
Total Mega-FLOPs: 144
        3000   1.3642420526593924E-012   5.9895000000000004E-002   1.5842199325561523E-002      300525     1136205
Total Mega-FLOPs: 256
        4000   2.2737367544323206E-012  0.11138100000000001        2.9056072235107422E-002      383069     1468425
Total Mega-FLOPs: 350
        5000   3.6379788070917130E-012  0.17595900000000000        5.2408933639526367E-002      473595     1590059
Total Mega-FLOPs: 504
        6000   3.6379788070917130E-012  0.23027799999999998        5.9539079666137695E-002      625331     2418579
Total Mega-FLOPs: 686
        7000   4.5474735088646412E-012  0.30798199999999998        7.8604936599731445E-002      742467     2909062
Total Mega-FLOPs: 896
        8000   3.6379788070917130E-012  0.41524099999999997       0.10581207275390625           822012     3225844
Total Mega-FLOPs: 1134
        9000   5.4569682106375694E-012  0.51743499999999987       0.13233995437622070           939248     3672360
Total Mega-FLOPs: 1400
       10000   5.4569682106375694E-012  0.63812899999999995       0.16176509857177734          1044720     4121202
===== THREADS: 8 =====
Total Mega-FLOPs: 0.24
         100   7.1054273576010019E-014   2.4849999999999998E-003   7.4791908264160156E-004         268         891
Total Mega-FLOPs: 5
         500   2.8421709430404007E-013   1.4235999999999999E-002   2.3689270019531250E-003        5853       35177
Total Mega-FLOPs: 18
        1000   5.6843418860808015E-013   5.7090000000000005E-003   1.2481212615966797E-003      116774      534136
Total Mega-FLOPs: 40.5
        1500   6.8212102632969618E-013   1.4123999999999998E-002   2.5138854980468750E-003      159303      895028
Total Mega-FLOPs: 64
        2000   1.3642420526593924E-012   3.5743999999999998E-002   5.4919719696044922E-003      149209      971114
Total Mega-FLOPs: 144
        3000   1.3642420526593924E-012  0.11123699999999999        1.4841079711914062E-002      161816     1212849
Total Mega-FLOPs: 256
        4000   1.3642420526593924E-012  0.20926200000000000        2.8239011764526367E-002      203891     1510912
Total Mega-FLOPs: 350
        5000   3.6379788070917130E-012  0.29984999999999995        3.8783073425292969E-002      277916     2148703
Total Mega-FLOPs: 504
        6000   4.5474735088646412E-012  0.43148400000000003        5.7054042816162109E-002      333731     2523922
Total Mega-FLOPs: 686
        7000   3.6379788070917130E-012  0.59923300000000013        7.6614856719970703E-002      381598     2984625
Total Mega-FLOPs: 896
        8000   3.6379788070917130E-012  0.78604400000000008       0.10096788406372070           434242     3380613
Total Mega-FLOPs: 1134
        9000   5.4569682106375694E-012   1.0017079999999998       0.12765789031982422           485171     3807050
Total Mega-FLOPs: 1400
       10000   5.4569682106375694E-012   1.2304280000000001       0.15682792663574219           541816     4250943
===== THREADS: 10 =====
Total Mega-FLOPs: 0.24
         100   5.6843418860808015E-014   3.1760000000000000E-003   8.3708763122558594E-004         209         796
Total Mega-FLOPs: 5
         500   2.8421709430404007E-013   1.9026999999999999E-002   2.5508403778076172E-003        4379       32668
Total Mega-FLOPs: 18
        1000   5.6843418860808015E-013   1.3655999999999998E-002   2.0468235015869141E-003       48818      325707
Total Mega-FLOPs: 40.5
        1500   6.8212102632969618E-013   1.6328000000000002E-002   2.4509429931640625E-003      137800      918014
Total Mega-FLOPs: 64
        2000   1.3642420526593924E-012   4.0911999999999990E-002   5.2559375762939453E-003      130361     1014725
Total Mega-FLOPs: 144
        3000   1.3642420526593924E-012  0.13608700000000001        1.4806032180786133E-002      132268     1215720
Total Mega-FLOPs: 256
        4000   1.8189894035458565E-012  0.26014199999999998        2.8069972991943359E-002      164012     1520011
Total Mega-FLOPs: 350
        5000   3.6379788070917130E-012  0.36600099999999991        3.9103984832763672E-002      227686     2131070
Total Mega-FLOPs: 504
        6000   3.6379788070917130E-012  0.54174599999999995        5.6710004806518555E-002      265807     2539234
Total Mega-FLOPs: 686
        7000   3.6379788070917130E-012  0.74601600000000001        7.7667951583862305E-002      306517     2944157
Total Mega-FLOPs: 896
        8000   2.7284841053187847E-012  0.95128999999999997       0.11150908470153809           358811     3061036
Total Mega-FLOPs: 1134
        9000   5.4569682106375694E-012   1.1962069999999998       0.14554905891418457           406284     3339080
Total Mega-FLOPs: 1400
       10000   5.4569682106375694E-012   1.5356739999999998       0.16000795364379883           434119     4166459
===== THREADS: 16 =====
Total Mega-FLOPs: 0.24
         100   2.8421709430404007E-014   4.3250000000000007E-003   1.3258457183837891E-003         154         502
Total Mega-FLOPs: 5
         500   3.4106051316484809E-013   1.9980999999999999E-002   2.3481845855712891E-003        4170       35488
Total Mega-FLOPs: 18
        1000   6.8212102632969618E-013   1.3828999999999999E-002   1.9590854644775391E-003       48207      340294
Total Mega-FLOPs: 40.5
        1500   6.8212102632969618E-013   2.2310999999999998E-002   2.8638839721679688E-003      100847      785646
Total Mega-FLOPs: 64
        2000   1.5916157281026244E-012   6.2853999999999993E-002   5.5720806121826172E-003       84852      957152
Total Mega-FLOPs: 144
        3000   1.3642420526593924E-012  0.20495700000000000        1.5109062194824219E-002       87823     1191338
Total Mega-FLOPs: 256
        4000   1.3642420526593924E-012  0.39989299999999994        2.8679132461547852E-002      106695     1487725
Total Mega-FLOPs: 350
        5000   3.6379788070917130E-012  0.55971599999999999        3.9538860321044922E-002      148885     2107631
Total Mega-FLOPs: 504
        6000   4.5474735088646412E-012  0.79271399999999992        5.6669950485229492E-002      181654     2541029
Total Mega-FLOPs: 686
        7000   4.5474735088646412E-012   1.0904769999999999        7.7917098999023438E-002      209694     2934743
Total Mega-FLOPs: 896
        8000   3.6379788070917130E-012   1.4487969999999999       0.10115194320678711           235597     3374461
Total Mega-FLOPs: 1134
        9000   5.4569682106375694E-012   1.8524269999999998       0.12905192375183105           262358     3765926
Total Mega-FLOPs: 1400
       10000   4.5474735088646412E-012   2.2825150000000001       0.15929913520812988           292075     4184998
===== THREADS: 20 =====
Total Mega-FLOPs: 0.24
         100   5.6843418860808015E-014   8.8120000000000004E-003   1.6119480133056641E-003          75         413
Total Mega-FLOPs: 5
         500   2.8421709430404007E-013   1.4237999999999997E-002   2.0861625671386719E-003        5852       39945
Total Mega-FLOPs: 18
        1000   6.8212102632969618E-013   1.3692999999999999E-002   2.0620822906494141E-003       48686      323297
Total Mega-FLOPs: 40.5
        1500   6.8212102632969618E-013   3.0213000000000000E-002   3.5090446472167969E-003       74471      641200
Total Mega-FLOPs: 64
        2000   1.5916157281026244E-012   7.5262999999999997E-002   6.5560340881347656E-003       70862      813499
Total Mega-FLOPs: 144
        3000   1.3642420526593924E-012  0.25398399999999999        1.6399145126342773E-002       70870     1097618
Total Mega-FLOPs: 256
        4000   1.8189894035458565E-012  0.50005800000000000        3.0011892318725586E-002       85323     1421658
Total Mega-FLOPs: 350
        5000   3.6379788070917130E-012  0.71231999999999995        4.1048049926757812E-002      116988     2030141
Total Mega-FLOPs: 504
        6000   4.5474735088646412E-012   1.0593839999999999        5.7864904403686523E-002      135928     2488555
Total Mega-FLOPs: 686
        7000   4.5474735088646412E-012   1.4241470000000001        7.9923868179321289E-002      160563     2861056
Total Mega-FLOPs: 896
        8000   3.6379788070917130E-012   1.8780839999999999       0.10546994209289551           181745     3236309
Total Mega-FLOPs: 1134
        9000   5.4569682106375694E-012   2.3779680000000001       0.13372611999511719           204376     3634293
Total Mega-FLOPs: 1400
       10000   3.6379788070917130E-012   2.8776120000000001       0.16501688957214355           231673     4039990
