===== THREADS: 1 =====
         100   1.5631940186722204E-013   3.1899999999999984E-004   3.1995773315429688E-004        2089        2083
         500   1.7053025658242404E-012   1.7462999999999999E-002   1.7502069473266602E-002        4771        4761
        1000   6.5938365878537297E-012  0.13253699999999999       0.13281297683715820             5030        5019
        1500   1.1823431123048067E-011  0.49972000000000000       0.50106501579284668             4502        4490
        2000   2.1373125491663814E-011   1.4380249999999999        1.4417388439178467             3708        3699
        3000   3.5015546018257737E-011   5.8328160000000002        5.8441271781921387             3085        3080
        4000   6.6393113229423761E-011   15.219939000000000        15.248853206634521             2803        2798
        5000   9.3677954282611609E-011   30.578371000000001        30.630873918533325             2725        2720
        6000   1.1732481652870774E-010   53.866368999999999        53.955351114273071             2673        2668
        7000   1.1732481652870774E-010   87.723894999999999        87.879832983016968             2606        2602
        8000   1.9917933968827128E-010   132.11394700000000        132.33454298973083             2583        2579
        9000   2.0190782379359007E-010   188.19872599999999        188.50718903541565             2582        2578
       10000   2.5465851649641991E-010   256.63272299999994        257.04796910285950             2597        2593
===== THREADS: 2 =====
         100   1.1368683772161603E-013   1.1839999999999997E-003   8.9406967163085938E-004         563         745
         500   2.0463630789890885E-012   4.5575999999999998E-002   2.5300979614257812E-002        1828        3293
        1000   5.6843418860808015E-012  0.19732899999999998       0.10433697700500488             3378        6389
        1500   1.4097167877480388E-011  0.60605699999999996       0.31197381019592285             3712        7212
        2000   2.4101609596982598E-011   1.9059040000000000       0.96755599975585938             2798        5512
        3000   3.3196556614711881E-011   8.8535050000000002        4.4665658473968506             2033        4029
        4000   6.3664629124104977E-011   23.335242999999998        11.761553049087524             1828        3627
        5000   8.3673512563109398E-011   48.262921999999996        24.235597848892212             1726        3438
        6000   1.1914380593225360E-010   85.093868999999998        42.745564222335815             1692        3368
        7000   1.2641976354643703E-010   138.24448599999999        69.357847929000854             1654        3296
        8000   2.3737811716273427E-010   208.38317099999998        104.57056999206543             1638        3264
        9000   2.2373569663614035E-010   297.22101099999998        149.16841483116150             1635        3258
       10000   2.5102053768932819E-010   410.82942400000002        205.99352502822876             1622        3236
===== THREADS: 4 =====
         100   1.2789769243681803E-013   2.1669999999999997E-003   9.0718269348144531E-004         307         734
         500   1.5916157281026244E-012   5.4921999999999999E-002   1.6238927841186523E-002        1517        5131
        1000   7.5033312896266580E-012  0.27001099999999995        7.3405981063842773E-002        2469        9081
        1500   1.0459189070388675E-011  0.70537099999999997       0.18801593780517578             3189       11967
        2000   1.8872015061788261E-011   2.8322759999999998       0.73594808578491211             1883        7246
        3000   4.5929482439532876E-011   14.175281000000000        3.6383309364318848             1269        4947
        4000   6.8212102632969618E-011   40.975292999999994        10.401660919189453             1041        4101
        5000   8.7311491370201111E-011   81.082071999999997        20.532649040222168             1027        4058
        6000   1.1550582712516189E-010   150.50940299999999        38.020776033401489              956        3787
        7000   1.2278178473934531E-010   238.95051699999996        60.247614860534668              956        3795
        8000   1.8826540326699615E-010   359.70827099999997        90.878684997558594              948        3755
        9000   2.2555468603968620E-010   516.87272499999995        130.25318193435669              940        3731
       10000   2.7648638933897018E-010   713.45701600000007        179.71045088768005              934        3709
===== THREADS: 8 =====
         100   1.1368683772161603E-013   4.0269999999999993E-003   1.1930465698242188E-003         165         558
         500   1.8758328224066645E-012   6.9231000000000001E-002   1.1666059494018555E-002        1203        7143
        1000   6.5938365878537297E-012  0.38640899999999995        5.5207967758178711E-002        1725       12075
        1500   9.5496943686157465E-012  0.90659699999999999       0.12538409233093262             2481       17944
        2000   2.1145751816220582E-011   4.0460689999999992       0.53693604469299316             1318        9932
        3000   3.0013325158506632E-011   28.109421999999999        3.6058320999145508              640        4991
        4000   5.8662408264353871E-011   79.947866000000005        10.183308124542236              533        4189
        5000   8.7311491370201111E-011   170.66740399999998        21.633210897445679              488        3852
        6000   9.9134922493249178E-011   307.39023199999997        38.897351980209351              468        3702
        7000   1.0368239600211382E-010   502.39623000000000        63.486917972564697              455        3601
        8000   1.8644641386345029E-010   755.05351899999994        95.754374027252197              452        3564
        9000   2.4738255888223648E-010   1093.3724250000000        138.11714386940002              444        3518
       10000   2.9467628337442875E-010   1512.2913650000000        190.85708498954773              440        3493
===== THREADS: 10 =====
         100   8.5265128291212022E-014   5.3729999999999993E-003   1.4147758483886719E-003         124         471
         500   2.1600499167107046E-012   7.5118000000000004E-002   1.0995149612426758E-002        1109        7579
        1000   7.5033312896266580E-012  0.47611799999999999        6.1547994613647461E-002        1400       10831
        1500   1.1141310096718371E-011   1.0643699999999998       0.11884307861328125             2113       18932
        2000   2.5920599000528455E-011   4.4071639999999990       0.49716997146606445             1210       10727
        3000   3.7744030123576522E-011   34.353819999999999        3.5515971183776855              523        5068
        4000   5.5024429457262158E-011   101.15838699999999        10.317849874496460              421        4135
        5000   7.9126039054244757E-011   216.11951599999998        21.957678079605103              385        3795
        6000   1.1095835361629725E-010   392.65791600000000        39.824618101119995              366        3615
        7000   1.5279510989785194E-010   645.09562499999993        65.357205867767334              354        3498
        8000   1.9554136088117957E-010   966.07421199999999        97.921088933944702              353        3485
        9000   2.4374458007514477E-010   1384.6416640000000        140.07539892196655              350        3469
       10000   2.3283064365386963E-010   1921.5870459999999        194.41423606872559              346        3429
===== THREADS: 16 =====
         100   1.2789769243681803E-013   9.5579999999999988E-003   2.1378993988037109E-003          69         311
         500   1.8758328224066645E-012  0.11395100000000000        1.3329982757568359E-002         731        6251
        1000   5.9117155615240335E-012  0.63631399999999994        5.4227113723754883E-002        1047       12293
        1500   1.0686562745831907E-011   1.4740839999999999       0.12542104721069336             1526       17939
        2000   2.2055246517993510E-011   6.3502130000000001       0.48010706901550293              839       11108
        3000   3.3196556614711881E-011   50.975223000000000        3.6558530330657959              353        4923
        4000   6.3209881773218513E-011   150.40449699999999        10.715042114257812              283        3981
        5000   1.1095835361629725E-010   321.42109399999998        22.744590044021606              259        3663
        6000   1.2187229003757238E-010   584.53442699999994        41.192790985107422              246        3495
        7000   1.0732037480920553E-010   945.68066999999996        66.491364002227783              241        3439
        8000   1.9917933968827128E-010   1445.1330479999999        101.47247290611267              236        3363
        9000   1.8735590856522322E-010   2082.1640760000000        145.98391795158386              233        3329
       10000   2.3828761186450720E-010   2861.8050949999997        200.26103115081787              232        3328
===== THREADS: 20 =====
         100   1.4210854715202004E-013   1.2235000000000001E-002   2.6361942291259766E-003          54         252
         500   1.5347723092418164E-012  0.13212099999999999        1.4512062072753906E-002         630        5742
        1000   5.7980287238024175E-012  0.70258299999999996        5.2005052566528320E-002         948       12819
        1500   1.2278178473934531E-011   1.7754950000000000       0.11756396293640137             1267       19138
        2000   2.4556356947869062E-011   8.3309700000000007       0.47056102752685547              640       11333
        3000   3.3651303965598345E-011   68.586633999999989        3.6171090602874756              262        4976
        4000   7.9580786405131221E-011   204.51675899999998        10.698420047760010              208        3988
        5000   8.7311491370201111E-011   445.48122200000000        22.942933082580566              187        3632
        6000   9.6406438387930393E-011   810.63584399999991        41.630208015441895              177        3459
        7000   1.3278622645884752E-010   1325.1727910000000        67.779185771942139              172        3373
        8000   2.1736923372372985E-010   2006.6043419999999        103.35077309608459              170        3302
        9000   2.1645973902195692E-010   2922.6692610000000        148.89421796798706              166        3264
       10000   2.5829649530351162E-010   4021.0234989999994        204.66680908203125              165        3257
