===== THREADS: 1 =====
Total Mega-FLOPs: 0.66
         100   1.6413537196058314E-012   3.2899999999999987E-004   3.2806396484375000E-004        2026        2032
Total Mega-FLOPs: 54
         500   2.2964741219766438E-011   1.0552000000000002E-002   1.0592937469482422E-002        7897        7866
Total Mega-FLOPs: 404
        1000   5.4342308430932462E-011   7.5008999999999992E-002   7.5183153152465820E-002        8887        8867
Total Mega-FLOPs: 1327.5
        1500   1.0925305105047300E-010  0.30895800000000001       0.30990195274353027             7282        7260
Total Mega-FLOPs: 3112
        2000   1.6484591469634324E-010  0.82950999999999997       0.83124899864196777             6429        6416
Total Mega-FLOPs: 10386
        3000   3.1423041946254671E-010   3.1447190000000003        3.1507091522216797             5723        5712
Total Mega-FLOPs: 24512
        4000   4.8612491809763014E-010   7.6167069999999999        7.6291019916534424             5601        5592
Total Mega-FLOPs: 47800
        5000   6.6620486904866993E-010   14.975662999999999        14.999119043350220             5564        5555
Total Mega-FLOPs: 82512
        6000   8.8175511336885393E-010   26.101092999999999        26.142184019088745             5517        5508
Total Mega-FLOPs: 130928
        7000   1.1377778719179332E-009   41.349046999999999        41.410136938095093             5530        5521
Total Mega-FLOPs: 195456
        8000   1.3856151781510562E-009   62.058785999999998        62.151403903961182             5500        5491
Total Mega-FLOPs: 278316
        9000   1.6534613678231835E-009   89.796971999999997        89.951617002487183             5412        5402
Total Mega-FLOPs: 382000
       10000   1.9254002836532891E-009   121.05607300000000        121.24132204055786             5507        5498
===== THREADS: 2 =====
Total Mega-FLOPs: 0.66
         100   1.4637180356658064E-012   6.5599999999999990E-004   5.1093101501464844E-004        1016        1304
Total Mega-FLOPs: 54
         500   2.3078428057488054E-011   1.2364999999999999E-002   6.7842006683349609E-003        6739       12283
Total Mega-FLOPs: 404
        1000   5.3546500566881150E-011   8.6400999999999992E-002   4.5892000198364258E-002        7715       14526
Total Mega-FLOPs: 1327.5
        1500   1.0959411156363785E-010  0.34581499999999998       0.17757606506347656             6506       12670
Total Mega-FLOPs: 3112
        2000   1.6393641999457031E-010  0.87427999999999995       0.44819784164428711             6100       11899
Total Mega-FLOPs: 10386
        3000   3.1650415621697903E-010   3.5558549999999998        1.7923669815063477             5062       10042
Total Mega-FLOPs: 24512
        4000   4.8703441279940307E-010   8.1968770000000006        4.1590399742126465             5205       10258
Total Mega-FLOPs: 47800
        5000   6.7120708990842104E-010   16.277873000000000        8.2449929714202881             5119       10107
Total Mega-FLOPs: 82512
        6000   8.8675733422860503E-010   27.701422999999998        13.950259923934937             5198       10322
Total Mega-FLOPs: 131026
        7000   1.1132215149700642E-009   44.833061999999998        22.655776023864746             5100       10093
Total Mega-FLOPs: 195456
        8000   1.3751559890806675E-009   66.048152000000002        33.307670831680298             5167       10247
Total Mega-FLOPs: 278478
        9000   1.6243575373664498E-009   94.582511999999994        47.439465999603271             5138       10244
Total Mega-FLOPs: 382000
       10000   1.9299477571621537E-009   126.13584299999999        63.225898027420044             5285       10544
===== THREADS: 4 =====
Total Mega-FLOPs: 0.66
         100   1.1510792319313623E-012   1.3890000000000000E-003   6.8902969360351562E-004         479         967
Total Mega-FLOPs: 54
         500   2.2680524125462398E-011   5.8752999999999993E-002   1.5741109848022461E-002        1418        5293
Total Mega-FLOPs: 404
        1000   5.6047610996756703E-011   9.0788999999999995E-002   2.5346994400024414E-002        7343       26301
Total Mega-FLOPs: 1327.5
        1500   1.1004885891452432E-010  0.36466999999999999        9.6283912658691406E-002        6169       23368
Total Mega-FLOPs: 3112
        2000   1.6530066204722971E-010  0.98322500000000002       0.25520610809326172             5424       20898
Total Mega-FLOPs: 10386
        3000   3.1332092476077378E-010   4.1580409999999999        1.0711369514465332             4328       16804
Total Mega-FLOPs: 24512
        4000   4.9021764425560832E-010   10.231036000000000        2.6014668941497803             4170       16401
Total Mega-FLOPs: 47800
        5000   6.7348082666285336E-010   20.728442999999999        5.2602150440216064             4020       15842
Total Mega-FLOPs: 82512
        6000   8.8994056568481028E-010   36.626207000000001        9.2601258754730225             3931       15550
Total Mega-FLOPs: 130928
        7000   1.1386873666197062E-009   58.279267999999995        14.689949035644531             3923       15566
Total Mega-FLOPs: 195456
        8000   1.3865246728528291E-009   88.152233999999993        22.288918972015381             3872       15314
Total Mega-FLOPs: 278478
        9000   1.6243575373664498E-009   126.63418899999999        31.836036920547485             3837       15265
Total Mega-FLOPs: 382000
       10000   1.9172148313373327E-009   172.49181300000001        43.362440109252930             3864       15374
===== THREADS: 8 =====
Total Mega-FLOPs: 0.66
         100   1.6520118606422329E-012   3.4599999999999995E-003   9.7608566284179688E-004         192         683
Total Mega-FLOPs: 54
         500   2.2566837287740782E-011  0.19753699999999999        2.6695966720581055E-002         421        3121
Total Mega-FLOPs: 404
        1000   5.4683368944097310E-011   8.9442999999999995E-002   1.3498067855834961E-002        7453       49389
Total Mega-FLOPs: 1327.5
        1500   1.0732037480920553E-010  0.37501299999999999        5.2181005477905273E-002        5999       43119
Total Mega-FLOPs: 3112
        2000   1.6416379367001355E-010   1.5649869999999999       0.20962786674499512             3407       25441
Total Mega-FLOPs: 10386
        3000   3.1013769330456853E-010   7.5480369999999990       0.99670100212097168             2384       18059
Total Mega-FLOPs: 24512
        4000   4.9021764425560832E-010   19.676036000000000        2.5248229503631592             2168       16898
Total Mega-FLOPs: 47800
        5000   6.7529981606639922E-010   39.838207000000004        5.0955040454864502             2091       16354
Total Mega-FLOPs: 82512
        6000   8.8402885012328625E-010   70.250500000000002        8.9710290431976318             2049       16051
Total Mega-FLOPs: 130928
        7000   1.1386873666197062E-009   112.87114399999999        14.312829017639160             2025       15976
Total Mega-FLOPs: 195456
        8000   1.3769749784842134E-009   170.48958399999998        21.609320163726807             2002       15795
Total Mega-FLOPs: 278316
        9000   1.6625563148409128E-009   243.35332099999997        30.752030134201050             1997       15803
Total Mega-FLOPs: 382000
       10000   1.9335857359692454E-009   335.10588199999995        42.370908021926880             1989       15734
===== THREADS: 10 =====
Total Mega-FLOPs: 0.66
         100   1.6875389974302379E-012   4.3669999999999994E-003   1.1360645294189453E-003         152         586
Total Mega-FLOPs: 54.5
         500   1.7109869077103212E-011  0.28106099999999995        3.0354976654052734E-002         296        2745
Total Mega-FLOPs: 404
        1000   5.4683368944097310E-011  0.46016399999999996        4.8848152160644531E-002        1448       13647
Total Mega-FLOPs: 1327.5
        1500   1.0982148523908108E-010  0.44344200000000000        4.8403024673461914E-002        5073       46484
Total Mega-FLOPs: 3112
        2000   1.6643753042444587E-010   1.7689210000000000       0.19963717460632324             3015       26715
Total Mega-FLOPs: 10386
        3000   3.1559466151520610E-010   9.3378839999999990       0.99604606628417969             1927       18071
Total Mega-FLOPs: 24512
        4000   4.8203219193965197E-010   24.523692999999998        2.5774900913238525             1739       16553
Total Mega-FLOPs: 47800
        5000   6.7393557401373982E-010   49.947544000000001        5.1993119716644287             1668       16027
Total Mega-FLOPs: 82512
        6000   8.8039087131619453E-010   88.778929000000005        9.0451030731201172             1622       15920
Total Mega-FLOPs: 130928
        7000   1.1305019143037498E-009   142.07464300000001        14.340894937515259             1609       15945
Total Mega-FLOPs: 195456
        8000   1.3878889149054885E-009   213.46786800000001        21.539016962051392             1598       15847
Total Mega-FLOPs: 278316
        9000   1.6507328837178648E-009   305.51775899999996        30.818689823150635             1590       15769
Total Mega-FLOPs: 382000
       10000   1.9244907889515162E-009   419.61687999999998        42.375308990478516             1588       15732
===== THREADS: 16 =====
Total Mega-FLOPs: 0.66
         100   1.4637180356658064E-012   8.8739999999999999E-003   1.9629001617431641E-003          75         339
Total Mega-FLOPs: 54
         500   2.2566837287740782E-011  0.18788799999999997        1.5595912933349609E-002         443        5343
Total Mega-FLOPs: 404
        1000   5.4797055781818926E-011  0.31307299999999999        2.4840831756591797E-002        2129       26837
Total Mega-FLOPs: 1327.5
        1500   1.0709300113376230E-010  0.60265500000000005        5.0318956375122070E-002        3733       44714
Total Mega-FLOPs: 3112
        2000   1.6279955161735415E-010   2.4901160000000000       0.19553399085998535             2141       27275
Total Mega-FLOPs: 10386
        3000   3.1423041946254671E-010   13.820770999999999       0.98237800598144531             1302       18322
Total Mega-FLOPs: 24512
        4000   4.7975845518521965E-010   36.536269000000004        2.5972900390625000             1167       16427
Total Mega-FLOPs: 47800
        5000   6.7393557401373982E-010   73.962659000000002        5.2317669391632080             1126       15928
Total Mega-FLOPs: 82512
        6000   8.8766682893037796E-010   129.76279600000001        9.0462939739227295             1109       15918
Total Mega-FLOPs: 130928
        7000   1.1359588825143874E-009   207.72812500000001        14.501445055007935             1100       15768
Total Mega-FLOPs: 195456
        8000   1.3797034625895321E-009   311.82133899999997        21.666775941848755             1094       15753
Total Mega-FLOPs: 278316
        9000   1.6652847989462316E-009   446.39330000000001        31.023306131362915             1088       15665
Total Mega-FLOPs: 382000
       10000   1.9299477571621537E-009   615.58736399999998        42.622259140014648             1082       15641
===== THREADS: 20 =====
Total Mega-FLOPs: 0.66
         100   1.4779288903810084E-012   1.0384999999999998E-002   2.1979808807373047E-003          64         303
Total Mega-FLOPs: 54
         500   2.3078428057488054E-011  0.18789600000000001        1.3723134994506836E-002         443        6072
Total Mega-FLOPs: 404
        1000   5.4569682106375694E-011  0.17655899999999999        1.4701128005981445E-002        3775       45347
Total Mega-FLOPs: 1327.5
        1500   1.0777512216009200E-010  0.86376699999999995        5.2803039550781250E-002        2604       42611
Total Mega-FLOPs: 3112
        2000   1.6439116734545678E-010   3.7192040000000000       0.20474314689636230             1433       26048
Total Mega-FLOPs: 10386
        3000   3.1286617740988731E-010   18.807587999999999       0.98700213432312012              957       18237
Total Mega-FLOPs: 24512
        4000   4.8521542339585721E-010   49.453637999999998        2.5414490699768066              862       16788
Total Mega-FLOPs: 47800
        5000   6.7211658461019397E-010   100.49872900000000        5.1568760871887207              829       16159
Total Mega-FLOPs: 82512
        6000   8.8493834482505918E-010   177.59502099999997        9.0262548923492432              810       15953
Total Mega-FLOPs: 130928
        7000   1.1423253454267979E-009   284.02538799999996        14.461071968078613              805       15812
Total Mega-FLOPs: 195456
        8000   1.3828866940457374E-009   427.97564199999999        21.664504051208496              797       15755
Total Mega-FLOPs: 278316
        9000   1.6525518731214106E-009   611.54040999999995        30.936526060104370              794       15709
Total Mega-FLOPs: 382000
       10000   1.9281287677586079E-009   837.99954700000001        42.696796894073486              795       15613
