Total Mega-FLOPs: 0.24
         100   1.4210854715202004E-014   1.0700000000000032E-004   1.1110305786132812E-004        6230        6000
Total Mega-FLOPs: 5
         500   1.7053025658242404E-013   1.4009999999999995E-003   1.4190673828125000E-003       59481       58724
Total Mega-FLOPs: 18
        1000   3.4106051316484809E-013   4.0110000000000007E-003   4.0299892425537109E-003      166209      165426
Total Mega-FLOPs: 40.5
        1500   6.8212102632969618E-013   1.0317999999999997E-002   1.0361194610595703E-002      218065      217156
Total Mega-FLOPs: 64
        2000   1.1368683772161603E-012   1.6375000000000001E-002   1.6424894332885742E-002      325699      324710
Total Mega-FLOPs: 144
        3000   9.0949470177292824E-013   4.1074999999999987E-002   4.1155815124511719E-002      438222      437362
Total Mega-FLOPs: 256
        4000   1.3642420526593924E-012   7.7598999999999974E-002   7.7741146087646484E-002      549835      548829
Total Mega-FLOPs: 350
        5000   1.8189894035458565E-012  0.10363500000000000       0.10380411148071289           804104      802794
Total Mega-FLOPs: 504
        6000   2.7284841053187847E-012  0.15045500000000001       0.15069699287414551           957096      955559
Total Mega-FLOPs: 686
        7000   2.7284841053187847E-012  0.21123500000000001       0.21158218383789062          1082522     1080746
Total Mega-FLOPs: 896
        8000   1.8189894035458565E-012  0.26716700000000004       0.26757788658142090          1277602     1275641
Total Mega-FLOPs: 1134
        9000   3.6379788070917130E-012  0.34966400000000009       0.35024213790893555          1389905     1387611
Total Mega-FLOPs: 1400
       10000   3.6379788070917130E-012  0.41929199999999989       0.41993689537048340          1589981     1587540
