==========================================================================================
MFLOPS vs N — C-threads (cthreads) (averaged over 3 trials)
==========================================================================================

────────────────────────────────────────────────────────────────────────────────
  Dot Product
────────────────────────────────────────────────────────────────────────────────
         N          1T          2T          4T          8T         10T         16T         20T
  --------  ----------  ----------  ----------  ----------  ----------  ----------  ----------
       100        1.54        1.38        0.76        0.35        0.29        0.18        0.20
       500        9.14       10.06        4.89        2.05        1.27        1.26        0.96
      1000       21.02       12.40       10.01        3.73        2.59        2.22        1.96
      1500       22.47       19.20       10.63        6.84        4.59        2.89        2.64
      2000       37.46       27.97       12.29        6.53        6.77        3.44        3.78
      3000       36.44       47.66       29.20       12.28        8.73        5.38        5.18
      4000       84.82       49.33       28.64       12.77       10.81        7.71        5.84
      5000       75.99       75.71       30.35       18.88       15.37        9.44        9.72
      6000       94.06       69.81       44.34       22.72       20.17       14.25       10.46
      7000       90.72       88.54       64.48       31.47       21.69       15.82       11.62
      8000      128.66      103.33       72.47       34.59       31.21       20.99       15.95
      9000      134.30      100.84       73.69       32.11       23.83       14.70       17.20
     10000      120.40      129.57       83.92       33.83       28.76       19.58       21.35

────────────────────────────────────────────────────────────────────────────────
  Vector-Vector Outer Product (VVM)
────────────────────────────────────────────────────────────────────────────────
         N          1T          2T          4T          8T         10T         16T         20T
  --------  ----------  ----------  ----------  ----------  ----------  ----------  ----------
       100       79.93       70.01       59.95       29.74       17.48       11.24       11.10
       500      185.27      350.07      469.66      444.26      361.87      273.16      226.63
      1000      398.53      712.95      710.12      677.36      673.24      540.05      580.10
      1500      703.23     1121.18     1327.08      936.04      979.98      836.85      736.50
      2000      723.77     1386.44     1547.26     1402.44     1299.19     1317.75      981.47
      3000      881.95     1484.20     1645.03     1448.32     1417.77     1289.27     1550.91
      4000      904.30     1556.28     1571.87     1301.40     1247.00     1287.50     1292.24
      5000      885.17     1520.28     1548.84     1261.21     1190.99     1243.04     1289.76
      6000      906.48     1556.00     1535.49     1202.86     1180.76     1197.40     1205.54
      7000      927.59     1544.92     1569.55     1211.90     1167.11     1161.63     1182.17
      8000      965.29     1580.58     1530.17     1197.95     1169.62     1127.99     1150.10
      9000      953.50     1565.18     1566.55     1185.43     1150.50     1096.22     1102.00
     10000      961.74     1587.44     1555.50     1192.09     1150.37     1064.62     1053.16

────────────────────────────────────────────────────────────────────────────────
  Matrix-Vector Multiply (MVV)
────────────────────────────────────────────────────────────────────────────────
         N          1T          2T          4T          8T         10T         16T         20T
  --------  ----------  ----------  ----------  ----------  ----------  ----------  ----------
       100      194.84      235.80      226.05       84.69       63.92       32.05       25.35
       500     2978.09     3728.31     3493.93     1199.55      860.76      762.88      564.19
      1000     4073.90     6674.72     8591.46     6055.46     4036.83     2627.44     2087.82
      1500     3492.77     6684.77     9630.92    11101.85    10470.70     5243.56     4391.43
      2000     3330.95     5665.92     6768.50     7076.32     6754.39     6893.29     6611.22
      3000     3162.69     5338.72     7275.13     7935.68     7009.45     6934.42     7423.36
      4000     3074.23     5593.50     7805.39     8219.35     7924.44     7519.90     7180.82
      5000     3119.46     5842.69     8015.53     8372.23     8406.02     8083.00     7970.07
      6000     3114.55     5733.76     8250.21     8527.18     8565.34     8334.41     8205.19
      7000     3126.13     5816.60     8365.19     8648.19     8545.85     8428.06     8164.57
      8000     3144.03     5553.77     8392.88     8579.20     8486.43     8433.93     8325.81
      9000     3132.09     5763.24     8195.97     8630.08     8560.97     8471.05     8441.92
     10000     3148.47     5735.46     8613.49     8711.78     8677.76     8520.50     8485.13

────────────────────────────────────────────────────────────────────────────────
  Matrix-Matrix Multiply (MMM)
────────────────────────────────────────────────────────────────────────────────
         N          1T          2T          4T          8T         10T         16T         20T
  --------  ----------  ----------  ----------  ----------  ----------  ----------  ----------
       100     4229.35     6453.40     7927.20     4670.53     3249.16     2207.69     2122.53
       500     5353.84     8207.21    16988.33    28523.46    31805.84    37138.52    40113.79
      1000     5463.76     9780.58    18529.17    31311.67    36946.22    38800.36    44700.54
      1500     4406.99     7417.06    14257.08    24477.74    29255.60    36326.46    43456.04
      2000     3910.43     6817.59    12337.39    21483.19    25317.16    32680.96    40825.10
      3000     3227.68     6177.65    10924.09    20431.90    24139.48    29050.11    36360.49
      4000     3109.62     6212.45    10971.90    20627.37    24512.18    28615.13    38181.81
      5000     3018.64     6209.52    10976.63    20499.62    23658.97    28060.60    36400.25
      6000     2994.57     6162.77    11016.92    20638.23    23333.33    28065.33    37290.21
      7000     3035.77     6148.96    11018.90    20651.40    23282.81    27192.71    36178.83
      8000     3017.25     6220.20    11036.57    20712.67    21163.76    27955.86    36710.52
      9000     3008.32     6161.66    10967.49    20849.81    23138.59    28137.20    37012.22
     10000     3009.25     6293.36    11000.59    20819.34    22068.49    26586.57    36136.76

────────────────────────────────────────────────────────────────────────────────
  Direct Linear Solver - Regular Matrix
────────────────────────────────────────────────────────────────────────────────
         N          1T          2T          4T          8T         10T         16T         20T
  --------  ----------  ----------  ----------  ----------  ----------  ----------  ----------
       100     2212.00     1054.33      820.67      574.00      489.33      245.67      166.67
       500     4639.67     7175.00    10226.33    12118.00    11785.33     7012.67     5162.33
      1000     4830.33     7793.33    13244.00    21838.00    16283.00    17982.00    15655.00
      1500     4287.33     7580.67    12996.00    21787.67    19923.00    21462.67    21593.67
      2000     3748.67     5535.33     7391.67    10099.33    11275.00    11636.33    11110.00
      3000     3057.00     3977.33     4687.67     4898.00     5002.00     4809.00     4878.00
      4000     2829.67     3490.33     3946.33     4006.67     3942.33     3884.33     3781.67
      5000     2726.67     3302.33     3713.67     3718.67     3635.33     3553.00     3503.67
      6000     2647.00     3206.67     3559.00     3528.67     3473.00     3382.00     3329.33
      7000     2633.67     3140.67     3472.67     3433.67     3379.33     3305.33     3238.00
      8000     2560.33     3114.33     3363.00     3318.00     3260.67     3220.00     3162.33
      9000     2561.00     3087.33     3335.67     3313.00     3252.67     3196.67     3131.33
     10000     2567.33     3083.33     3347.33     3298.00     3250.67     3184.00     3113.00

────────────────────────────────────────────────────────────────────────────────
  Direct Linear Solver - Diagonally Dominant
────────────────────────────────────────────────────────────────────────────────
         N          1T          2T          4T          8T         10T         16T         20T
  --------  ----------  ----------  ----------  ----------  ----------  ----------  ----------
       100     1946.67     1551.67     1008.67      822.00      648.67      323.00      256.00
       500     4748.00    10010.33    14554.67    22802.00    22707.00    13790.33     9210.00
      1000     4796.00     9287.00    15992.00    36859.67    42160.33    28597.00    26833.00
      1500     4261.67     8175.00    12719.00    29691.67    34437.67    28633.33    28069.33
      2000     3694.67     5700.67     6901.33    10656.33    12128.33    12608.00    12132.33
      3000     3010.00     4025.00     4316.33     4991.00     5106.33     4923.00     4979.33
      4000     2806.33     3488.00     3655.00     4033.00     4003.67     3947.67     3828.00
      5000     2700.00     3278.00     3468.33     3747.67     3677.33     3596.00     3537.67
      6000     2661.00     3155.67     3314.33     3542.00     3487.33     3417.67     3354.33
      7000     2621.33     3127.67     3241.00     3457.67     3390.67     3323.00     3251.33
      8000     2575.67     3116.33     3293.33     3343.33     3289.33     3242.67     3183.00
      9000     2557.33     3088.00     3344.67     3312.67     3263.00     3211.33     3145.00
     10000     2557.33     2962.33     3360.33     3323.00     3265.33     3200.00     3123.00

────────────────────────────────────────────────────────────────────────────────
  Iterative Linear Solver - Diagonally Dominant
────────────────────────────────────────────────────────────────────────────────
         N          1T          2T          4T          8T         10T         16T         20T
  --------  ----------  ----------  ----------  ----------  ----------  ----------  ----------
       100     2300.02     1680.26     1265.48      633.51      566.34      403.28      328.62
       500     4497.70     8212.64     2347.53     1600.54     1579.91     2660.66     3649.20
      1000     5205.66     9296.80    16080.51    23543.84     6859.22    11624.12    22850.12
      1500     4186.72     7620.64    13878.76    24918.74    26906.51    26491.65    25238.27
      2000     3668.61     6984.53    12002.54    14694.08    15053.27    16025.97    15181.86
      3000     3297.52     5908.86     9919.16    10563.52    10541.09    10525.64    10490.55
      4000     3196.89     6103.51     9379.90     9724.92     9685.50     9433.69     9433.75
      5000     3182.05     5913.84     9106.85     9378.71     9404.12     9182.14     9052.74
      6000     3151.80     5893.96     8986.74     9223.09     9184.94     9121.20     8927.19
      7000     3154.83     5854.11     8831.66     9150.80     9095.50     9033.78     8912.92
      8000     3125.67     5732.29     8633.98     9061.59     9048.46     9011.03     8876.64
      9000     3139.91     5806.21     8814.35     9059.71     9029.16     8940.63     8865.22
     10000     3141.89     5808.06     8677.12     9032.32     9009.30     8935.28     8837.07

────────────────────────────────────────────────────────────────────────────────
  Iterative Linear Solver - Sparse Diagonally Dominant
────────────────────────────────────────────────────────────────────────────────
         N          1T          2T          4T          8T         10T         16T         20T
  --------  ----------  ----------  ----------  ----------  ----------  ----------  ----------
       100     1044.84      799.89      555.17      333.79      287.26      179.65      159.59
       500     3857.12     5755.95     3524.71     1836.12     1747.05     2274.06     2197.68
      1000     4497.99     7871.30    11526.81    13795.39     8515.81     9374.02     8089.09
      1500     3712.89     6883.10    11043.49    15893.42    14720.54    14333.87    11715.77
      2000     3414.98     6025.76    10055.42    11726.39    10667.74    11689.62    10441.94
      3000     3099.86     5736.52     8397.47     9530.96     8635.05     9262.22     8922.07
      4000     3122.61     5724.37     8487.71     9164.76     8358.74     8757.57     8686.46
      5000     3031.81     5837.03     8485.50     8865.51     8147.95     8834.65     8600.03
      6000     3082.37     5862.99     8538.14     8798.28     7737.93     8874.00     8547.46
      7000     3025.42     5842.66     8583.90     8842.32     8024.64     8878.06     8352.67
      8000     3067.96     5591.03     8435.42     8749.13     7772.78     8885.91     8298.16
      9000     3043.03     5584.51     8542.19     8830.18     7700.06     8886.45     8377.16
     10000     3040.20     5849.16     8608.19     8822.45     8089.36     8877.09     8563.49

