==========================================================================================
MFLOPS vs N — pthreads (averaged over 3 trials)
==========================================================================================

────────────────────────────────────────────────────────────────────────────────
  Dot Product
────────────────────────────────────────────────────────────────────────────────
         N          1T          2T          4T          8T         10T         16T         20T
  --------  ----------  ----------  ----------  ----------  ----------  ----------  ----------
       100        1.07        1.30        0.68        0.37        0.25        0.19        0.15
       500        7.97        8.21        3.58        1.72        1.27        0.94        1.11
      1000       16.22       14.39        7.37        3.49        3.02        1.90        1.82
      1500       23.11       17.93        8.24        5.58        4.77        2.66        2.87
      2000       33.18       25.49       14.73        6.69        5.23        4.58        3.46
      3000       42.93       40.93       21.33        9.61        8.77        5.62        4.83
      4000       55.35       59.49       19.76       14.30       11.10        8.48        6.61
      5000       61.12       69.36       41.73       16.35       15.16       10.89        8.82
      6000       98.78       85.02       47.77       19.95       17.58       12.65        9.75
      7000       85.29       73.61       53.96       24.81       20.70       13.47       11.40
      8000       95.20       92.42       42.03       34.18       25.82       15.98       12.23
      9000      110.46       98.84       67.10       23.76       26.68       17.69       14.70
     10000      132.94      106.71       66.20       31.58       27.52       18.28       18.53

────────────────────────────────────────────────────────────────────────────────
  Vector-Vector Outer Product (VVM)
────────────────────────────────────────────────────────────────────────────────
         N          1T          2T          4T          8T         10T         16T         20T
  --------  ----------  ----------  ----------  ----------  ----------  ----------  ----------
       100       63.41       57.97       58.05       35.42       19.23       11.05        8.87
       500      181.81      333.06      505.07      387.30      312.44      223.09      256.13
      1000      453.84      630.65      743.01      639.41      758.96      546.04      488.49
      1500      674.27      993.76     1267.54     1121.07      802.74      737.61      707.93
      2000      890.64     1426.66     1606.56     1401.88     1302.33     1037.76      908.30
      3000      857.20     1511.16     1619.30     1397.32     1395.24     1422.63     1522.22
      4000      929.43     1570.49     1611.50     1231.71     1273.06     1282.10     1308.60
      5000      884.55     1551.77     1565.12     1270.96     1197.00     1256.29     1302.07
      6000      898.23     1532.18     1556.33     1224.40     1182.68     1186.08     1234.65
      7000      922.83     1525.37     1566.70     1241.58     1172.62     1147.88     1178.25
      8000      946.99     1556.07     1561.85     1220.04     1162.93     1116.60     1147.59
      9000      961.77     1548.79     1553.94     1196.22     1176.71     1121.39     1117.40
     10000      967.03     1581.20     1563.88     1208.52     1155.54     1072.52     1046.13

────────────────────────────────────────────────────────────────────────────────
  Matrix-Vector Multiply (MVV)
────────────────────────────────────────────────────────────────────────────────
         N          1T          2T          4T          8T         10T         16T         20T
  --------  ----------  ----------  ----------  ----------  ----------  ----------  ----------
       100      237.63      263.30      218.30       83.42       47.73       26.13       20.87
       500     2758.83     3781.20     3422.48     1418.45     1156.22      650.50      645.63
      1000     3906.89     7058.45     8166.23     6100.63     5068.36     2087.06     1856.82
      1500     3500.24     6516.09     8889.67     9520.10     9494.22     4317.12     4320.04
      2000     3308.19     5537.26     7484.98     8083.01     7158.22     7382.33     6195.06
      3000     3204.72     5510.91     7409.21     7799.26     7364.30     6981.62     7016.57
      4000     3138.78     5681.97     7742.16     8179.24     8141.91     7503.67     7236.79
      5000     3101.72     5950.29     7893.18     8370.21     8301.35     7940.54     7819.98
      6000     3202.51     5875.63     8333.63     8473.24     8466.20     8277.15     8120.63
      7000     3149.43     5757.75     8318.32     8616.94     8515.53     8364.94     8265.71
      8000     3138.13     5689.22     8239.77     8603.09     8583.32     8434.22     8232.50
      9000     3118.10     5927.58     8446.94     8728.62     8558.04     8479.01     8418.44
     10000     3115.46     5883.64     8420.86     8749.11     8601.09     8574.18     8485.18

────────────────────────────────────────────────────────────────────────────────
  Matrix-Matrix Multiply (MMM)
────────────────────────────────────────────────────────────────────────────────
         N          1T          2T          4T          8T         10T         16T         20T
  --------  ----------  ----------  ----------  ----------  ----------  ----------  ----------
       100     3561.94     6278.00     7477.67     5695.48     3584.77     2146.19     1678.03
       500     5477.05    10301.23    15906.63    28736.48    33725.90    33319.16    38051.78
      1000     5430.34    11180.57    18111.08    33268.54    41319.71    40947.66    48876.37
      1500     4603.79     8611.73    13891.36    25135.49    28432.91    37467.37    43572.65
      2000     4015.25     7315.23    12765.96    21655.20    24834.34    33747.09    40911.66
      3000     3222.30     6280.29    11478.39    20993.60    24415.36    29111.35    36581.58
      4000     3137.30     6296.05    11271.59    21079.86    24385.15    29493.35    39168.44
      5000     3066.42     6275.92    11603.22    20842.34    24462.43    30083.38    36586.29
      6000     3092.06     6338.13    11452.48    20857.60    23458.11    27902.62    37537.39
      7000     3041.09     6293.07    10952.77    20708.84    23206.14    27975.42    36767.56
      8000     3033.25     6281.84    11378.02    20770.32    23364.75    29048.52    37973.38
      9000     2986.22     6288.49    11343.94    20739.67    22717.91    28795.78    36896.62
     10000     2989.74     6303.56    11066.93    20787.40    22816.83    28722.81    36605.45

────────────────────────────────────────────────────────────────────────────────
  Direct Linear Solver - Regular Matrix
────────────────────────────────────────────────────────────────────────────────
         N          1T          2T          4T          8T         10T         16T         20T
  --------  ----------  ----------  ----------  ----------  ----------  ----------  ----------
       100     1264.67      538.67      476.67      339.33      290.67      194.00      160.33
       500     4445.00     2944.67     4274.67     5145.67     5094.00     4109.00     3662.33
      1000     4818.00     6167.67     8075.67     9981.00    10262.00     9676.33     9532.67
      1500     4311.00     7039.33    11236.67    15589.67    14616.33    14777.33    15256.33
      2000     3638.33     5443.00     6933.00     9344.67    10462.00    10225.67    10416.33
      3000     3042.33     4003.67     4859.33     4917.33     5007.33     4825.33     4893.00
      4000     2832.33     3595.67     4027.67     4124.33     4079.67     3922.33     3956.67
      5000     2716.00     3430.00     4013.00     3824.33     3769.00     3628.00     3614.00
      6000     2662.33     3333.00     3760.33     3677.33     3595.67     3473.67     3441.33
      7000     2628.67     3298.33     3774.67     3587.33     3478.67     3414.33     3362.33
      8000     2570.00     3256.00     3731.67     3537.00     3465.67     3335.00     3291.00
      9000     2571.67     3243.67     3711.67     3510.00     3447.67     3311.00     3256.00
     10000     2589.67     3227.67     3693.00     3478.00     3421.33     3312.00     3247.33

────────────────────────────────────────────────────────────────────────────────
  Direct Linear Solver - Diagonally Dominant
────────────────────────────────────────────────────────────────────────────────
         N          1T          2T          4T          8T         10T         16T         20T
  --------  ----------  ----------  ----------  ----------  ----------  ----------  ----------
       100     1959.00      746.67      696.33      551.67      468.33      288.67      256.00
       500     4670.00     3285.33     5109.33     7153.33     7554.67     6224.00     5931.67
      1000     4795.00     6581.33     9110.67    11999.67    12481.33    12214.67    13045.00
      1500     4428.67     7357.33    12105.67    17671.00    18044.67    17867.00    19269.67
      2000     3654.67     5537.67     7236.67     9911.33    10585.00    11112.00    11348.67
      3000     3058.33     4031.00     4956.00     4994.33     5058.00     4931.33     4976.00
      4000     2791.33     3620.33     4095.67     4184.67     4139.00     3983.00     3992.00
      5000     2710.33     3446.67     4057.67     3852.00     3789.33     3661.33     3631.67
      6000     2663.33     3366.67     3789.00     3700.67     3613.67     3498.33     3456.00
      7000     2628.67     3299.00     3796.00     3601.67     3494.67     3439.33     3374.67
      8000     2568.00     3271.67     3759.33     3563.00     3487.00     3361.33     3310.33
      9000     2577.33     3255.67     3730.00     3519.00     3466.67     3328.67     3265.67
     10000     2592.33     3238.00     3710.67     3494.67     3431.33     3329.33     3258.00

────────────────────────────────────────────────────────────────────────────────
  Iterative Linear Solver - Diagonally Dominant
────────────────────────────────────────────────────────────────────────────────
         N          1T          2T          4T          8T         10T         16T         20T
  --------  ----------  ----------  ----------  ----------  ----------  ----------  ----------
       100     1887.84     1278.98      967.76      656.87      566.92      337.47      298.71
       500     4819.78     7903.12     3737.59     2053.19     1991.82     3373.87     4092.35
      1000     5394.36     9074.95    15911.38    29134.21    10383.39    13875.84    27273.55
      1500     4210.26     7726.00    13918.19    25551.05    27552.14    26308.88    25140.19
      2000     3744.29     6892.76    12168.00    14808.22    15618.56    15901.94    15228.04
      3000     3292.52     5872.76     9855.59    10514.54    10379.29    10560.90    10497.62
      4000     3196.46     5997.39     9460.90     9681.87     9519.57     9449.07     9652.57
      5000     3164.81     5908.41     9083.47     9369.04     9236.12     9160.70     9282.00
      6000     3145.13     5947.56     8905.69     9203.25     9142.15     9128.43     9155.62
      7000     3109.10     6002.44     8949.63     9149.07     9104.94     9029.19     9014.70
      8000     3152.37     5511.63     8630.03     9052.18     9058.12     9016.80     9026.73
      9000     3110.78     5799.78     8858.53     9058.83     9022.07     8969.29     8992.43
     10000     3141.55     5967.25     8767.34     9027.13     9019.61     8971.83     8971.23

────────────────────────────────────────────────────────────────────────────────
  Iterative Linear Solver - Sparse Diagonally Dominant
────────────────────────────────────────────────────────────────────────────────
         N          1T          2T          4T          8T         10T         16T         20T
  --------  ----------  ----------  ----------  ----------  ----------  ----------  ----------
       100     1030.52      666.99      465.33      340.79      288.16      183.63      148.93
       500     3853.98     5347.78     5285.99     2102.77     1857.30     2191.93     2341.92
      1000     4597.50     7267.42    11398.11    14636.50     8948.65     8956.38     8914.52
      1500     3829.94     6662.98    11390.51    16586.62    17108.83    14378.16    12072.25
      2000     3521.77     6028.88     9623.36    11898.37    11884.39    10874.72    10428.25
      3000     3153.07     5741.74     8938.03     9669.61     9726.22     9158.68     9120.20
      4000     3098.48     5743.82     8846.54     9180.95     8619.58     8899.75     8877.60
      5000     3122.75     5852.91     8069.02     9064.44     9055.84     8825.14     8752.09
      6000     3104.05     5771.53     8599.34     8946.14     8975.70     8825.47     8654.90
      7000     3116.46     5901.97     8701.61     8986.14     8940.32     8849.35     8671.48
      8000     3105.79     5759.65     8493.17     8927.81     8078.97     8870.61     8615.55
      9000     3103.30     5752.34     8640.47     8906.75     8140.27     8773.06     8608.25
     10000     3093.86     5780.16     8694.34     8953.89     8477.78     8781.32     8642.83

