==========================================================================================
MFLOPS vs N — OpenMP (averaged over 3 trials)
==========================================================================================

────────────────────────────────────────────────────────────────────────────────
  Dot Product
────────────────────────────────────────────────────────────────────────────────
         N          1T          2T          4T          8T         10T         16T         20T
  --------  ----------  ----------  ----------  ----------  ----------  ----------  ----------
       100       17.64        3.01        1.02        0.78        0.71        0.47        0.40
       500       77.00       17.72        8.83        5.10        4.08        2.53        1.34
      1000      145.41       23.88       15.00       10.12        8.69        5.25        4.09
      1500      215.34       36.36       23.30       13.45        9.94        7.31        5.78
      2000      285.23       49.63       33.50       17.46       15.17        9.34        7.91
      3000      426.54       93.79       43.59       26.15       22.52       15.07       11.91
      4000      494.21      122.12       54.77       36.15       30.02       19.60       16.07
      5000      664.43      174.56       64.11       34.19       37.55       24.48       20.04
      6000      824.03      137.83      109.10       52.62       43.37       29.51       23.75
      7000      908.17      203.59      111.94       56.48       51.81       34.04       23.97
      8000     1008.41      142.82       90.15       67.30       58.58       40.60       31.10
      9000     1185.11      225.77      146.06       72.77       67.95       42.21       36.49
     10000     1041.42      227.75      157.03       83.50       77.07       47.89       40.17

────────────────────────────────────────────────────────────────────────────────
  Vector-Vector Outer Product (VVM)
────────────────────────────────────────────────────────────────────────────────
         N          1T          2T          4T          8T         10T         16T         20T
  --------  ----------  ----------  ----------  ----------  ----------  ----------  ----------
       100      176.32      251.80      346.00      518.18      477.99      301.31      279.44
       500      212.62      380.83      674.13     1055.67     1181.70     1063.42      752.79
      1000      516.13      866.90     1070.10     1024.85     1098.23      622.56      613.77
      1500      636.57     1214.79     1531.96     1342.86     1794.92     1154.25      780.99
      2000      902.65     1421.27     1739.76     1635.26     1685.62     1112.40     1116.94
      3000      852.12     1502.76     1692.04     1333.39     1289.53     1176.23     1051.19
      4000      902.73     1527.88     1569.33     1282.53     1244.60     1091.96     1019.65
      5000      932.35     1577.66     1596.60     1227.75     1181.43     1069.70     1000.22
      6000      949.40     1608.19     1578.38     1217.34     1192.02     1070.12      996.84
      7000      951.11     1596.81     1571.13     1220.63     1186.39     1067.84      985.02
      8000      964.75     1590.73     1592.65     1205.78     1162.06     1068.52      997.83
      9000      973.42     1598.20     1596.74     1155.76     1164.15     1063.52      988.19
     10000      973.77     1608.86     1585.67     1210.87     1154.25     1070.79      987.76

────────────────────────────────────────────────────────────────────────────────
  Matrix-Vector Multiply (MVV)
────────────────────────────────────────────────────────────────────────────────
         N          1T          2T          4T          8T         10T         16T         20T
  --------  ----------  ----------  ----------  ----------  ----------  ----------  ----------
       100     2013.53     2828.34     2057.11     1742.82     1774.98     1271.72     1443.76
       500     4911.20     7944.97     9817.99     8369.64     6230.78     6601.81     6211.67
      1000     5066.14     9173.42    15865.58    24018.06    25774.79    20538.79    22841.54
      1500     4202.35     7494.84    13228.01    22028.01    24813.30    23894.22    23743.58
      2000     3678.21     5896.10     8625.02    11133.82    11610.51    11391.23    10548.95
      3000     3215.68     5615.30     7731.09     8659.99     8766.79     8593.29     8879.32
      4000     3180.29     5620.92     7959.95     8635.73     8673.31     8541.50     8604.32
      5000     3163.10     5708.27     8154.30     8609.44     8783.77     8720.48     8703.70
      6000     3167.35     5871.32     8392.86     8695.81     8712.92     8697.06     8740.34
      7000     3149.85     5752.36     8385.22     8704.24     8747.83     8711.10     8737.03
      8000     3111.75     5709.53     8321.57     8762.58     8635.62     8722.26     8607.57
      9000     3116.77     5878.42     8325.67     8790.90     8715.71     8723.37     8690.86
     10000     3098.65     5761.73     8407.97     8755.51     8693.47     8702.49     8682.13

────────────────────────────────────────────────────────────────────────────────
  Matrix-Matrix Multiply (MMM)
────────────────────────────────────────────────────────────────────────────────
         N          1T          2T          4T          8T         10T         16T         20T
  --------  ----------  ----------  ----------  ----------  ----------  ----------  ----------
       100     6014.92     9667.47    14969.79    18510.00    20715.40    14944.62    14700.41
       500     4979.91    10291.20    18240.72    25848.74    35500.10    44674.90    47569.92
      1000     5434.36     9136.58    21775.01    31943.56    39029.26    51444.26    59941.58
      1500     4433.53     7558.92    14631.62    23806.45    28449.96    38628.72    44004.58
      2000     3873.47     6872.32    12460.28    21285.51    24887.43    34879.99    42072.87
      3000     3241.81     6274.48    10966.96    20403.93    24326.87    30636.92    36578.44
      4000     3171.13     6301.46    10996.56    20781.71    24628.76    29848.21    38969.72
      5000     3080.46     6305.25    11029.03    20905.27    24224.63    29149.11    36635.93
      6000     3061.73     6312.46    11593.47    20887.65    23221.52    28638.32    36737.74
      7000     3050.95     6264.74    11127.38    20914.72    24209.53    27452.57    36876.30
      8000     3037.54     6245.94    11157.82    20923.37    23759.65    28608.18    39294.91
      9000     3030.99     6323.88    11239.38    20873.40    24364.22    28614.40    37045.84
     10000     3022.41     6212.46    11322.01    20914.79    23353.45    27641.19    37014.72

────────────────────────────────────────────────────────────────────────────────
  Direct Linear Solver - Regular Matrix
────────────────────────────────────────────────────────────────────────────────
         N          1T          2T          4T          8T         10T         16T         20T
  --------  ----------  ----------  ----------  ----------  ----------  ----------  ----------
       100     2089.67     1454.00     1142.33      865.00      857.67      633.00      558.67
       500     4353.33     7706.67    11491.67    14351.00    14808.00    12703.67    12302.33
      1000     4684.33     8386.33    14820.33    25609.00    25961.67    24590.67    26651.00
      1500     4316.33     7773.00    13505.00    24737.33    28497.67    26274.00    27664.33
      2000     3650.33     5603.00     7556.67    10501.33    12242.33    12663.33    12266.33
      3000     3022.00     3981.00     4707.00     4941.00     5051.00     4952.33     4935.00
      4000     2798.00     3483.00     3964.00     4021.33     3973.67     3959.33     3813.67
      5000     2726.67     3311.00     3724.33     3730.33     3653.00     3583.67     3516.00
      6000     2666.67     3186.67     3558.33     3526.67     3471.00     3390.33     3332.33
      7000     2619.33     3147.33     3472.33     3445.67     3385.67     3303.00     3236.00
      8000     2561.33     3116.00     3361.67     3311.00     3259.67     3214.00     3163.33
      9000     2567.33     3087.33     3335.33     3312.67     3254.33     3183.33     3130.67
     10000     2574.00     3088.00     3348.33     3318.33     3257.33     3175.33     3112.00

────────────────────────────────────────────────────────────────────────────────
  Direct Linear Solver - Diagonally Dominant
────────────────────────────────────────────────────────────────────────────────
         N          1T          2T          4T          8T         10T         16T         20T
  --------  ----------  ----------  ----------  ----------  ----------  ----------  ----------
       100     2232.00     1824.67     1465.67     1015.33      934.00      676.33      552.33
       500     4700.67     8816.00    13992.67    18575.33    19242.33    15935.33    15583.33
      1000     4909.00     8933.33    16977.00    32062.33    36613.00    30691.00    33917.00
      1500     4423.67     8018.33    15187.33    28842.67    33563.33    30225.67    32475.33
      2000     3640.33     5660.00     7767.67    10914.00    12580.33    13316.33    12900.33
      3000     3036.00     4019.67     4778.00     5012.00     5128.33     5009.00     5032.00
      4000     2786.67     3532.00     4017.67     4064.67     3999.33     4020.00     3857.00
      5000     2681.67     3316.00     3749.00     3745.00     3676.67     3614.33     3540.67
      6000     2654.67     3212.33     3586.67     3548.00     3489.00     3411.33     3348.33
      7000     2603.67     3156.00     3494.33     3453.33     3393.33     3314.00     3249.00
      8000     2571.67     3139.33     3383.33     3333.33     3286.67     3230.33     3183.00
      9000     2548.00     3102.33     3347.67     3306.33     3264.00     3193.00     3144.33
     10000     2563.33     3100.67     3361.33     3301.67     3260.00     3189.33     3121.00

────────────────────────────────────────────────────────────────────────────────
  Iterative Linear Solver - Diagonally Dominant
────────────────────────────────────────────────────────────────────────────────
         N          1T          2T          4T          8T         10T         16T         20T
  --------  ----------  ----------  ----------  ----------  ----------  ----------  ----------
       100     2455.17     1782.65     1151.00      738.82      544.01      515.40      479.76
       500     4624.70     6710.29     1926.52     1512.09     1508.14     2517.38     3028.38
      1000     5191.40     9411.56    14600.55     7426.68     2645.48     6820.19     6705.77
      1500     4134.82     7519.61    14040.29    21728.83    22073.68    22802.73    22304.73
      2000     3774.90     6926.96    11850.73    14576.88    15397.13    15767.92    15436.77
      3000     3304.58     6030.31    10041.03    10567.01    10545.16    10646.45    10627.09
      4000     3250.96     5904.57     9451.10     9719.23     9751.76     9728.73     9718.89
      5000     3121.56     6159.19     9200.26     9369.10     9344.34     9260.17     9370.40
      6000     3206.50     6081.04     8912.31     9205.75     9166.77     9130.68     9178.81
      7000     3109.17     5821.42     8899.54     9144.81     9100.85     9035.80     9078.51
      8000     3197.52     5873.68     8652.53     9040.37     9037.54     9018.64     9027.86
      9000     3124.40     5789.17     8865.86     9048.69     9028.21     8976.51     9000.00
     10000     3182.97     5931.36     8728.28     9019.50     9010.70     8973.75     8979.85

────────────────────────────────────────────────────────────────────────────────
  Iterative Linear Solver - Sparse Diagonally Dominant
────────────────────────────────────────────────────────────────────────────────
         N          1T          2T          4T          8T         10T         16T         20T
  --------  ----------  ----------  ----------  ----------  ----------  ----------  ----------
       100     1447.41      938.65      672.83      383.88      353.59      275.94      245.15
       500     3287.00     4545.79     2001.20     1358.04     1227.26     1784.14     1964.58
      1000     3929.50     6911.39     9899.97     6655.83     3178.89     5732.88     5299.42
      1500     3397.54     6191.67    10760.04    14189.10    14328.75    14484.43    12892.68
      2000     3209.51     5399.55     8880.52    11040.01    11102.02    10747.68    10515.55
      3000     2864.75     5100.03     8237.87     8612.96     8563.15     8514.85     8496.94
      4000     2791.79     5033.80     7911.99     8153.91     8244.70     8104.02     8107.43
      5000     2731.87     4972.12     7703.59     7826.92     7830.69     7720.56     7750.11
      6000     2722.76     5096.49     7594.89     7762.92     7763.18     7714.46     7679.54
      7000     2682.39     5020.55     7515.06     7716.26     7696.61     7656.00     7644.77
      8000     2714.13     4975.81     7350.30     7664.01     7692.21     7629.64     7649.39
      9000     2740.63     5028.34     7533.08     7683.59     7679.98     7647.06     7655.92
     10000     2714.33     4919.46     7420.71     7677.01     7682.11     7655.27     7641.44

