===== THREADS: 1 =====
         100   1.7053025658242404E-013   3.4700000000000009E-004   3.4403800964355469E-004        1921        1937
         500   1.5347723092418164E-012   1.7344999999999999E-002   1.7385005950927734E-002        4804        4793
        1000   7.1622707764618099E-012  0.13289199999999998       0.13318395614624023             5016        5005
        1500   1.2505552149377763E-011  0.52880699999999992       0.53029894828796387             4254        4242
        2000   1.9326762412674725E-011   1.3855329999999999        1.3889751434326172             3849        3839
        3000   3.3651303965598345E-011   5.9578629999999997        5.9703469276428223             3021        3014
        4000   7.0485839387401938E-011   14.994816000000000        15.021546125411987             2845        2840
        5000   7.1850081440061331E-011   30.486351999999997        30.537896871566772             2733        2728
        6000   1.2369127944111824E-010   53.851937000000000        53.943657159805298             2673        2669
        7000   1.2369127944111824E-010   86.193219999999997        86.331285953521729             2652        2648
        8000   1.8280843505635858E-010   131.93737599999997        132.15824198722839             2587        2582
        9000   2.1009327610954642E-010   187.84572299999999        188.14581298828125             2587        2583
       10000   2.3828761186450720E-010   256.79490600000003        257.21486997604370             2596        2591
===== THREADS: 2 =====
         100   1.4210854715202004E-013   7.3500000000000041E-004   4.4393539428710938E-004         907        1501
         500   2.4442670110147446E-012   1.6105000000000001E-002   8.3320140838623047E-003        5174       10001
        1000   6.7075234255753458E-012  0.14014599999999999        7.1065902709960938E-002        4756        9380
        1500   1.1596057447604835E-011  0.53047900000000003       0.26857399940490723             4241        8377
        2000   2.0918378140777349E-011   1.8349779999999998       0.93062782287597656             2906        5730
        3000   3.5470293369144201E-011   8.7900829999999992        4.4338309764862061             2047        4059
        4000   7.7307049650698900E-011   23.882221999999999        12.021142005920410             1786        3549
        5000   7.7307049650698900E-011   49.803874999999998        25.035180807113647             1673        3328
        6000   1.0732037480920553E-010   89.537355999999988        44.960336923599243             1608        3202
        7000   1.0822986951097846E-010   142.94364000000002        71.756444215774536             1599        3186
        8000   2.2009771782904863E-010   215.87392499999999        108.35934710502625             1581        3150
        9000   2.1827872842550278E-010   313.00761699999998        156.97474884986877             1552        3096
       10000   2.4192559067159891E-010   427.47205699999995        214.40021204948425             1559        3109
===== THREADS: 4 =====
         100   1.2789769243681803E-013   1.8190000000000003E-003   6.2990188598632812E-004         366        1058
         500   1.9895196601282805E-012   1.8443999999999999E-002   5.0730705261230469E-003        4518       16426
        1000   6.7075234255753458E-012  0.14401200000000000        3.7477016448974609E-002        4629       17788
        1500   9.3223206931725144E-012  0.59770499999999993       0.15477681159973145             3764       14537
        2000   2.2737367544323206E-011   2.6488989999999997       0.68405985832214355             2013        7796
        3000   4.0017766878008842E-011   14.676047000000001        3.7505230903625488             1226        4799
        4000   7.3669070843607187E-011   41.796669999999999        10.616607189178467             1020        4018
        5000   7.5488060247153044E-011   87.558011999999991        22.174533128738403              951        3758
        6000   1.0822986951097846E-010   158.49692499999998        40.082193136215210              908        3592
        7000   1.0459189070388675E-010   259.25633699999997        65.458219051361084              882        3493
        8000   2.0554580260068178E-010   399.53510000000000        100.83334803581238              854        3385
        9000   2.1009327610954642E-010   575.95001300000001        145.15810298919678              843        3348
       10000   2.3101165425032377E-010   786.09977099999992        198.15439510345459              848        3364
===== THREADS: 8 =====
         100   1.1368683772161603E-013   4.0210000000000003E-003   7.8392028808593750E-004         165         850
         500   2.1600499167107046E-012   2.3477999999999999E-002   3.6218166351318359E-003        3549       23008
        1000   6.5938365878537297E-012  0.13130200000000000        1.8069028854370117E-002        5077       36895
        1500   1.1823431123048067E-011  0.57416699999999998        7.5767040252685547E-002        3918       29696
        2000   2.0691004465334117E-011   3.7889349999999999       0.49314284324645996             1407       10814
        3000   4.2746250983327627E-011   28.324141999999998        3.6185450553894043              635        4974
        4000   6.5938365878537297E-011   82.420074000000000        10.482150077819824              517        4070
        5000   8.9130480773746967E-011   174.88361300000000        22.184442996978760              476        3756
        6000   1.0095391189679503E-010   320.72582999999997        40.632308959960938              448        3543
        7000   1.1550582712516189E-010   520.90071499999988        65.958438873291016              438        3466
        8000   2.3646862246096134E-010   806.98236299999996        102.11532497406006              422        3342
        9000   1.9099388737231493E-010   1161.8818890000000        146.89447784423828              418        3308
       10000   2.5647750589996576E-010   1585.8538749999998        200.39409995079041              420        3326
===== THREADS: 10 =====
         100   1.1368683772161603E-013   5.9989999999999991E-003   1.0569095611572266E-003         111         630
         500   2.7284841053187847E-012   2.7962999999999998E-002   3.6680698394775391E-003        2980       22718
        1000   5.9117155615240335E-012  0.14113199999999998        1.5937089920043945E-002        4723       41831
        1500   1.0459189070388675E-011  0.61521599999999999        6.6118955612182617E-002        3657       34029
        2000   2.2282620193436742E-011   4.0284509999999996       0.45120000839233398             1323       11820
        3000   3.4560798667371273E-011   34.101595999999994        3.5132029056549072              527        5123
        4000   6.5028871176764369E-011   104.57602600000000        10.691253900527954              407        3990
        5000   8.3673512563109398E-011   222.58930200000000        22.657704114913940              374        3677
        6000   1.0368239600211382E-010   405.24831599999999        41.191699981689453              355        3495
        7000   1.6552803572267294E-010   661.32068600000002        67.183207035064697              345        3403
        8000   2.0008883439004421E-010   1018.7438539999999        103.43848609924316              335        3299
        9000   2.1100277081131935E-010   1469.8527480000000        149.13569903373718              330        3258
       10000   2.4738255888223648E-010   2015.0660579999999        204.30884981155396              330        3263
===== THREADS: 16 =====
         100   1.2789769243681803E-013   1.5120999999999999E-002   2.2230148315429688E-003          44         299
         500   1.8189894035458565E-012   5.5327000000000001E-002   4.9002170562744141E-003        1506       17006
        1000   6.1390892369672656E-012  0.28705399999999998        2.5519132614135742E-002        2322       26124
        1500   1.1141310096718371E-011  0.96133000000000002        8.0473184585571289E-002        2340       27959
        2000   2.2964741219766438E-011   5.5369120000000001       0.42008018493652344              963       12695
        3000   3.3196556614711881E-011   50.870751999999996        3.6744368076324463              353        4898
        4000   7.0940586738288403E-011   151.14330000000001        10.805938959121704              282        3948
        5000   8.3673512563109398E-011   326.35332399999999        23.179727792739868              255        3595
        6000   1.1550582712516189E-010   595.96286499999997        42.147255897521973              241        3416
        7000   1.4824763638898730E-010   977.08845599999995        68.876132965087891              234        3319
        8000   1.7917045624926686E-010   1494.6106119999999        105.21258020401001              228        3244
        9000   2.1282176021486521E-010   2151.8988129999998        151.17773604393005              225        3214
       10000   2.2009771782904863E-010   2969.9366989999999        208.28763103485107              224        3200
===== THREADS: 20 =====
         100   1.4210854715202004E-013   2.2633000000000000E-002   2.6531219482421875E-003          29         251
         500   1.7053025658242404E-012  0.10660999999999998        9.0570449829101562E-003         781        9200
        1000   5.6843418860808015E-012  0.34510599999999997        2.5364875793457031E-002        1931       26283
        1500   1.0004441719502211E-011   1.2559849999999999        7.8886985778808594E-002        1791       28521
        2000   2.1373125491663814E-011   7.9535510000000000       0.43631601333618164              670       12223
        3000   2.9103830456733704E-011   69.228269999999995        3.6194729804992676              260        4973
        4000   7.0031092036515474E-011   215.06643499999998        11.143109083175659              198        3828
        5000   7.7307049650698900E-011   458.35321699999997        23.572944164276123              181        3535
        6000   1.0186340659856796E-010   834.82285999999999        42.841083049774170              172        3361
        7000   1.3824319466948509E-010   1373.9355109999999        70.352725982666016              166        3250
        8000   2.1736923372372985E-010   2097.7208139999998        107.24043202400208              162        3182
        9000   2.2191670723259449E-010   3026.8513459999999        154.48627710342407              160        3145
       10000   2.6375346351414919E-010   4182.8395399999999        213.34097504615784              159        3124
