===== THREADS: 1 =====
Total Mega-FLOPs: 0.24
         100   5.6843418860808015E-014   2.7999999999999987E-004   2.7608871459960938E-004        2380        2414
Total Mega-FLOPs: 5
         500   3.4106051316484809E-013   1.3210000000000001E-003   1.3220310211181641E-003       63083       63034
Total Mega-FLOPs: 18
        1000   6.8212102632969618E-013   4.2500000000000003E-003   4.2650699615478516E-003      156862      156308
Total Mega-FLOPs: 40.5
        1500   6.8212102632969618E-013   1.1115999999999997E-002   1.1152029037475586E-002      202410      201757
Total Mega-FLOPs: 64
        2000   1.3642420526593924E-012   1.8883999999999998E-002   1.8978834152221680E-002      282426      281014
Total Mega-FLOPs: 144
        3000   1.8189894035458565E-012   4.7437999999999994E-002   4.7579765319824219E-002      379442      378312
Total Mega-FLOPs: 256
        4000   1.8189894035458565E-012   8.2369999999999999E-002   8.2563877105712891E-002      517987      516771
Total Mega-FLOPs: 350
        5000   4.5474735088646412E-012  0.11659200000000000       0.11686086654663086           714743      713098
Total Mega-FLOPs: 504
        6000   4.5474735088646412E-012  0.16304200000000002       0.16343307495117188           883208      881094
Total Mega-FLOPs: 686
        7000   3.6379788070917130E-012  0.22872399999999993       0.22922396659851074           999749      997568
Total Mega-FLOPs: 896
        8000   2.7284841053187847E-012  0.29366299999999990       0.29423689842224121          1162330     1160063
Total Mega-FLOPs: 1134
        9000   5.4569682106375694E-012  0.37625099999999989       0.37704610824584961          1291690     1288967
Total Mega-FLOPs: 1400
       10000   5.4569682106375694E-012  0.45337399999999994       0.45422387123107910          1470456     1467705
===== THREADS: 2 =====
Total Mega-FLOPs: 0.24
         100   4.2632564145606011E-014   4.1500000000000000E-004   2.9492378234863281E-004        1606        2260
Total Mega-FLOPs: 5
         500   2.8421709430404007E-013   1.4580000000000001E-003   8.2802772521972656E-004       57155      100640
Total Mega-FLOPs: 18
        1000   7.9580786405131221E-013   4.3819999999999987E-003   2.3739337921142578E-003      152137      280827
Total Mega-FLOPs: 40.5
        1500   6.8212102632969618E-013   1.1289999999999998E-002   5.8329105377197266E-003      199291      385742
Total Mega-FLOPs: 64
        2000   1.3642420526593924E-012   2.0580999999999995E-002   1.0899066925048828E-002      259138      489338
Total Mega-FLOPs: 144
        3000   1.3642420526593924E-012   4.8158000000000006E-002   2.5074958801269531E-002      373769      717847
Total Mega-FLOPs: 256
        4000   1.8189894035458565E-012   8.7041000000000007E-002   4.4548034667968750E-002      490190      957767
Total Mega-FLOPs: 350
        5000   3.6379788070917130E-012  0.11727499999999999        5.9949874877929688E-002      710580     1390050
Total Mega-FLOPs: 504
        6000   5.4569682106375694E-012  0.16658599999999996        8.4261894226074219E-002      864418     1708957
Total Mega-FLOPs: 686
        7000   4.5474735088646412E-012  0.24181100000000005       0.12161016464233398           945642     1880325
Total Mega-FLOPs: 896
        8000   2.7284841053187847E-012  0.31711800000000001       0.16098713874816895          1076360     2120252
Total Mega-FLOPs: 1134
        9000   5.4569682106375694E-012  0.40159999999999996       0.20236396789550781          1210159     2401613
Total Mega-FLOPs: 1400
       10000   3.6379788070917130E-012  0.49212000000000000       0.25375223159790039          1354683     2627234
===== THREADS: 4 =====
Total Mega-FLOPs: 0.24
         100   5.6843418860808015E-014   9.1699999999999985E-004   4.1794776916503906E-004         727        1595
Total Mega-FLOPs: 5
         500   3.9790393202565610E-013   4.0060000000000000E-003   1.2409687042236328E-003       20802       67151
Total Mega-FLOPs: 18
        1000   5.6843418860808015E-013   4.9920000000000016E-003   1.6510486602783203E-003      133547      403783
Total Mega-FLOPs: 40.5
        1500   6.8212102632969618E-013   1.2916999999999998E-002   3.8709640502929688E-003      174189      581250
Total Mega-FLOPs: 64
        2000   1.8189894035458565E-012   2.3545000000000003E-002   6.4518451690673828E-003      226516      826636
Total Mega-FLOPs: 144
        3000   1.8189894035458565E-012   6.0470000000000010E-002   1.7917871475219727E-002      297668     1004583
Total Mega-FLOPs: 256
        4000   1.8189894035458565E-012  0.11352399999999999        3.0572175979614258E-002      375838     1395604
Total Mega-FLOPs: 350
        5000   3.6379788070917130E-012  0.15960799999999997        4.2494058609008789E-002      522112     1961058
Total Mega-FLOPs: 504
        6000   4.5474735088646412E-012  0.23256199999999994        6.1303138732910156E-002      619189     2348982
Total Mega-FLOPs: 686
        7000   3.6379788070917130E-012  0.31444899999999998        7.9999208450317383E-002      727197     2858361
Total Mega-FLOPs: 896
        8000   2.7284841053187847E-012  0.41295400000000004       0.10869789123535156           826565     3140202
Total Mega-FLOPs: 1134
        9000   5.4569682106375694E-012  0.51748200000000000       0.13510608673095703           939163     3597173
Total Mega-FLOPs: 1400
       10000   3.6379788070917130E-012  0.64489799999999997       0.16316485404968262          1033755     4085847
===== THREADS: 8 =====
Total Mega-FLOPs: 0.24
         100   4.2632564145606011E-014   3.1860000000000000E-003   7.5006484985351562E-004         209         888
Total Mega-FLOPs: 5
         500   2.8421709430404007E-013   1.7188999999999999E-002   2.6497840881347656E-003        4848       31449
Total Mega-FLOPs: 18
        1000   6.8212102632969618E-013   6.9559999999999986E-003   1.3709068298339844E-003       95840      486296
Total Mega-FLOPs: 40.5
        1500   6.8212102632969618E-013   1.5251999999999998E-002   2.6249885559082031E-003      147521      857146
Total Mega-FLOPs: 64
        2000   1.5916157281026244E-012   3.6549999999999999E-002   5.6319236755371094E-003      145918      946982
Total Mega-FLOPs: 144
        3000   1.8189894035458565E-012  0.11172899999999999        1.5101194381713867E-002      161104     1191958
Total Mega-FLOPs: 256
        4000   2.2737367544323206E-012  0.21177999999999997        2.8149843215942383E-002      201466     1515698
Total Mega-FLOPs: 350
        5000   4.0927261579781771E-012  0.29735999999999996        4.0112018585205078E-002      280243     2077515
Total Mega-FLOPs: 504
        6000   3.6379788070917130E-012  0.42921599999999993        5.9114933013916016E-002      335495     2435932
Total Mega-FLOPs: 686
        7000   3.6379788070917130E-012  0.59939599999999993        7.8284025192260742E-002      381495     2920987
Total Mega-FLOPs: 896
        8000   3.6379788070917130E-012  0.78254499999999994       0.10458898544311523           436183     3263568
Total Mega-FLOPs: 1134
        9000   3.6379788070917130E-012  0.99918000000000007       0.12968087196350098           486398     3747661
Total Mega-FLOPs: 1400
       10000   3.6379788070917130E-012   1.2378510000000000       0.16085910797119141           538567     4144413
===== THREADS: 10 =====
Total Mega-FLOPs: 0.24
         100   4.2632564145606011E-014   3.8659999999999996E-003   8.0513954162597656E-004         172         828
Total Mega-FLOPs: 5
         500   2.8421709430404007E-013   2.3399999999999997E-002   2.9308795928955078E-003        3561       28432
Total Mega-FLOPs: 18
        1000   6.8212102632969618E-013   1.5750000000000000E-002   2.2101402282714844E-003       42328      301639
Total Mega-FLOPs: 40.5
        1500   6.8212102632969618E-013   1.7944000000000002E-002   2.5858879089355469E-003      125390      870107
Total Mega-FLOPs: 64
        2000   1.3642420526593924E-012   4.1605000000000003E-002   5.6619644165039062E-003      128189      941958
Total Mega-FLOPs: 144
        3000   1.3642420526593924E-012  0.13498500000000002        1.6121149063110352E-002      133348     1116545
Total Mega-FLOPs: 256
        4000   1.8189894035458565E-012  0.26151500000000000        2.8959989547729492E-002      163151     1473297
Total Mega-FLOPs: 350
        5000   4.5474735088646412E-012  0.37508100000000000        4.0091991424560547E-002      222174     2078553
Total Mega-FLOPs: 504
        6000   4.5474735088646412E-012  0.52814399999999995        6.6393852233886719E-002      272652     2168875
Total Mega-FLOPs: 686
        7000   4.5474735088646412E-012  0.75032499999999991        7.9617977142333984E-002      304756     2872048
Total Mega-FLOPs: 896
        8000   3.6379788070917130E-012  0.94870299999999985       0.11533617973327637           359789     2959464
Total Mega-FLOPs: 1134
        9000   3.6379788070917130E-012   1.2076319999999998       0.15074491500854492           402440     3223989
Total Mega-FLOPs: 1400
       10000   5.4569682106375694E-012   1.5361240000000000       0.16303801536560059           433992     4089026
===== THREADS: 16 =====
Total Mega-FLOPs: 0.24
         100   7.1054273576010019E-014   7.0119999999999991E-003   1.5039443969726562E-003          95         443
Total Mega-FLOPs: 5
         500   2.2737367544323206E-013   2.1177999999999999E-002   2.3210048675537109E-003        3934       35903
Total Mega-FLOPs: 18
        1000   7.9580786405131221E-013   1.4744999999999998E-002   1.9750595092773438E-003       45213      337542
Total Mega-FLOPs: 40.5
        1500   6.8212102632969618E-013   2.3481000000000002E-002   2.9799938201904297E-003       95822      755035
Total Mega-FLOPs: 64
        2000   1.5916157281026244E-012   6.3625999999999988E-002   5.5310726165771484E-003       83823      964249
Total Mega-FLOPs: 144
        3000   1.3642420526593924E-012  0.20922499999999999        1.5915155410766602E-002       86031     1130997
Total Mega-FLOPs: 256
        4000   2.2737367544323206E-012  0.39084700000000000        2.9860973358154297E-002      109164     1428843
Total Mega-FLOPs: 350
        5000   3.6379788070917130E-012  0.57839799999999997        4.0127038955688477E-002      144076     2076737
Total Mega-FLOPs: 504
        6000   4.5474735088646412E-012  0.84279400000000004        5.7092905044555664E-002      170860     2522204
Total Mega-FLOPs: 686
        7000   3.6379788070917130E-012   1.1462970000000001        7.7682018280029297E-002      199482     2943624
Total Mega-FLOPs: 896
        8000   2.7284841053187847E-012   1.5031990000000000       0.10116291046142578           227071     3374095
Total Mega-FLOPs: 1134
        9000   5.4569682106375694E-012   1.8356189999999999       0.12796497344970703           264760     3797914
Total Mega-FLOPs: 1400
       10000   5.4569682106375694E-012   2.2640400000000001       0.15822696685791016           294458     4213356
===== THREADS: 20 =====
Total Mega-FLOPs: 0.24
         100   5.6843418860808015E-014   7.6540000000000002E-003   1.4860630035400391E-003          87         448
Total Mega-FLOPs: 5
         500   2.8421709430404007E-013   2.1548999999999999E-002   2.2778511047363281E-003        3867       36584
Total Mega-FLOPs: 18
        1000   7.9580786405131221E-013   1.6479000000000001E-002   2.1409988403320312E-003       40455      311381
Total Mega-FLOPs: 40.5
        1500   6.8212102632969618E-013   3.0675999999999995E-002   2.9819011688232422E-003       73347      754552
Total Mega-FLOPs: 64
        2000   2.0463630789890885E-012   8.0945000000000003E-002   5.8770179748535156E-003       65888      907489
Total Mega-FLOPs: 144
        3000   1.8189894035458565E-012  0.25459399999999999        1.5667915344238281E-002       70700     1148844
Total Mega-FLOPs: 256
        4000   1.3642420526593924E-012  0.50915500000000002        2.8354883193969727E-002       83798     1504737
Total Mega-FLOPs: 350
        5000   3.6379788070917130E-012  0.73169499999999998        3.8770914077758789E-002      113890     2149377
Total Mega-FLOPs: 504
        6000   4.5474735088646412E-012   1.0760710000000000        5.7106971740722656E-002      133820     2521583
Total Mega-FLOPs: 686
        7000   4.5474735088646412E-012   1.4478349999999998        8.1521034240722656E-002      157936     2805002
Total Mega-FLOPs: 896
        8000   2.7284841053187847E-012   1.7820939999999998       0.10890793800354004           191534     3134145
Total Mega-FLOPs: 1134
        9000   5.4569682106375694E-012   2.3177829999999999       0.13574695587158203           209683     3580190
Total Mega-FLOPs: 1400
       10000   5.4569682106375694E-012   3.0824119999999997       0.15753889083862305           216280     4231759
