===== THREADS: 1 =====
         100   6.1675109463976696E-012   2.8300000000000027E-004   2.8014183044433594E-004        2355        2379
         500   5.6203930398623925E-010   1.8103999999999999E-002   1.8143892288208008E-002        4603        4592
        1000   6.1163518694229424E-010  0.13356099999999999       0.13382792472839355             4991        4981
        1500   1.7771526472643018E-009  0.53423599999999993       0.53569602966308594             4211        4200
        2000   1.2098780644009821E-008   1.4083760000000001        1.4122469425201416             3786        3776
        3000   7.7713195878459373E-009   5.8361999999999998        5.8483519554138184             3084        3077
        4000   3.3631749829510227E-008   15.069569000000000        15.097402095794678             2831        2826
        5000   3.0368028092198074E-008   30.515239000000001        30.568902969360352             2730        2726
        6000   1.2356895240372978E-007   54.843586999999999        54.943064928054810             2625        2620
        7000   3.7542849895544350E-007   86.297394999999995        86.445771932601929             2649        2645
        8000   9.6342773758806288E-008   134.22937299999998        134.47119593620300             2542        2538
        9000   9.7710199042921886E-008   187.73145000000000        188.05001807212830             2588        2584
       10000   5.2744053391506895E-007   260.46613200000002        260.91796898841858             2559        2555
===== THREADS: 2 =====
         100   4.3272052607790101E-012   1.1299999999999999E-003   6.5088272094726562E-004         589        1024
         500   5.6525095715187490E-010   2.1849000000000000E-002   1.1231899261474609E-002        3814        7419
        1000   1.5165255717874970E-008  0.16019799999999998        8.5862159729003906E-002        4161        7764
        1500   4.0636223275214434E-009  0.58124299999999995       0.30122995376586914             3871        7469
        2000   2.0524794308585115E-008   1.8658539999999999       0.96064996719360352             2858        5551
        3000   3.2772277336334810E-008   8.9102139999999999        4.5301840305328369             2020        3973
        4000   3.7195518416410778E-006   24.094797000000000        12.210030078887939             1770        3494
        5000   4.4915577745996416E-007   50.245481999999996        25.335788011550903             1658        3289
        6000   1.0732355804066174E-007   88.433712000000000        44.597707033157349             1628        3228
        7000   2.0198558559059165E-007   144.98074199999999        72.941781997680664             1577        3134
        8000   7.0828264142619446E-008   218.22521399999997        109.85898399353027             1564        3107
        9000   5.3899111662758514E-007   312.67129699999998        157.14126205444336             1554        3092
       10000   3.6108690437686164E-007   431.46986499999997        216.82350206375122             1545        3074
===== THREADS: 4 =====
         100   8.7858609276736388E-012   2.6319999999999998E-003   8.4304809570312500E-004         253         790
         500   2.8862245926575270E-010   3.0464999999999999E-002   8.2030296325683594E-003        2735       10158
        1000   4.7180037654470652E-010  0.18321499999999999        5.0698995590209961E-002        3638       13149
        1500   5.0638391257962212E-009  0.64715500000000004       0.17410206794738770             3476       12923
        2000   4.6556465349567588E-009   2.7433119999999995       0.72636079788208008             1944        7342
        3000   1.1079464456997812E-008   14.885572999999999        3.8415019512176514             1209        4685
        4000   2.4317614588653669E-008   42.113847999999997        10.801587820053101             1013        3950
        5000   5.3746816774946637E-008   88.041012999999992        22.435105085372925              946        3714
        6000   8.7079479271778837E-007   158.92672600000000        40.430113077163696              906        3561
        7000   1.2711643648799509E-007   259.10080099999999        65.722421884536743              882        3479
        8000   1.2393684301059693E-007   400.30964499999999        101.59619092941284              852        3359
        9000   2.9496402476070216E-007   575.73510699999997        145.60201406478882              844        3337
       10000   5.9969988797092810E-007   786.72282899999993        199.00788688659668              847        3349
===== THREADS: 8 =====
         100   1.3500311979441904E-012   6.4960000000000000E-003   1.1851787567138672E-003         102         562
         500   1.3181988833821379E-010   4.9135999999999999E-002   6.8540573120117188E-003        1695       12158
        1000   5.4451447795145214E-009  0.20957700000000001        3.1191825866699219E-002        3181       21373
        1500   2.5274857762269676E-009  0.71014900000000003       0.10212492942810059             3168       22031
        2000   4.5941987991682254E-009   3.9215439999999999       0.52757811546325684             1360       10109
        3000   7.8130142355803400E-009   28.409821000000001        3.6795141696929932              633        4891
        4000   1.3028966350248083E-008   82.696821999999997        10.643049001693726              515        4008
        5000   4.6730292524443939E-008   175.13255100000001        22.383417129516602              475        3722
        6000   4.9336449592374265E-008   320.65816099999995        40.916733980178833              449        3519
        7000   1.7880938685266301E-007   521.81170399999996        66.404922962188721              438        3443
        8000   1.7003812899929471E-006   811.89782300000002        103.40769791603088              420        3300
        9000   2.9800230549881235E-007   1154.2746020000000        146.46561813354492              421        3318
       10000   1.3491103345586453E-007   1591.2967930000000        201.99509811401367              418        3300
===== THREADS: 10 =====
         100   3.6664005165221170E-012   8.6499999999999997E-003   1.3680458068847656E-003          77         487
         500   2.1325092802726431E-009   6.0991000000000004E-002   6.9499015808105469E-003        1366       11990
        1000   3.7155132304178551E-009  0.28107900000000002        4.4157981872558594E-002        2371       15097
        1500   5.1193183026043698E-009  0.82208400000000004       0.11614394187927246             2736       19372
        2000   2.6694124244386330E-008   4.3305819999999997       0.46968603134155273             1231       11355
        3000   6.6772827267413959E-009   34.480663999999997        3.5784838199615479              522        5030
        4000   1.0639223546604626E-007   104.71611799999999        10.833647966384888              407        3938
        5000   3.2111074688145891E-008   222.63520299999999        22.879262208938599              374        3642
        6000   8.9323293650522828E-008   405.49894599999999        41.572556018829346              355        3463
        7000   1.0538732567511033E-005   660.44936899999993        67.447225093841553              346        3390
        8000   6.2019844335736707E-006   1027.1847520000001        105.00060606002808              332        3250
        9000   2.2107178665464744E-007   1468.0427040000000        149.62599802017212              331        3248
       10000   1.9783510651905090E-007   2014.0586199999998        205.09634399414062              331        3250
===== THREADS: 16 =====
         100   4.4977355173614342E-012   2.7053999999999998E-002   3.2088756561279297E-003          24         207
         500   3.6317828744358849E-009  0.12558699999999998        1.1110067367553711E-002         663        7500
        1000   6.6204961512994487E-009  0.42056399999999999        3.7522077560424805E-002        1585       17767
        1500   1.0111307346960530E-009   1.2293820000000000       0.10522198677062988             1830       21383
        2000   8.4418587675827439E-009   5.9386380000000001       0.46257805824279785              898       11529
        3000   3.9697852116660215E-008   50.966580999999998        3.7684128284454346              353        4776
        4000   2.1781943360110745E-008   151.18448699999999        11.012451171875000              282        3874
        5000   3.6063738662051037E-008   327.00576799999999        23.481612920761108              254        3548
        6000   7.0780970418127254E-008   597.02444100000002        42.650532007217407              241        3376
        7000   1.5130262909224257E-007   973.30898999999988        69.106345891952515              234        3308
        8000   6.4559117163298652E-008   1494.0189729999997        105.95833516120911              228        3221
        9000   1.4887125416862546E-006   2153.3286829999997        151.99795293807983              225        3197
       10000   5.3234252845868468E-006   2972.1293539999997        209.45927000045776              224        3182
===== THREADS: 20 =====
         100   4.7180037654470652E-012   3.6805999999999998E-002   4.0111541748046875E-003          18         166
         500   1.4102852219366468E-010  0.19035500000000000        1.5601873397827148E-002         437        5341
        1000   5.1358028940740041E-010  0.53256899999999996        3.9798974990844727E-002        1251       16750
        1500   4.0108716348186135E-009   1.5728329999999999       0.10498094558715820             1430       21432
        2000   5.1081912033623667E-008   8.5762099999999997       0.48391699790954590              621       11021
        3000   3.4076265365001746E-008   69.968014999999994        3.6913859844207764              257        4876
        4000   1.3133205811755033E-007   216.24141100000000        11.286562919616699              197        3780
        5000   1.3597127690445632E-007   459.82082099999997        23.769145965576172              181        3505
        6000   1.5077841908350820E-007   837.52297899999996        43.210217952728271              171        3332
        7000   8.1064172263722867E-007   1375.6772380000000        70.669450998306274              166        3235
        8000   1.3699964256375097E-006   2099.4086010000001        107.93125200271606              162        3162
        9000   1.0383907671496218E-006   3027.9272129999999        155.12179899215698              160        3133
       10000   4.8588481149636209E-007   4164.2513960000006        214.25068998336792              160        3111
