===== THREADS: 1 =====
Total Mega-FLOPs: 0.64
         100   1.6111556533360272E-012   2.4699999999999982E-004   2.5391578674316406E-004        2699        2625
Total Mega-FLOPs: 54
         500   1.6711965145077556E-011   1.1070000000000000E-002   1.1120080947875977E-002        7527        7493
Total Mega-FLOPs: 402
        1000   5.3205440053716302E-011   8.2005999999999996E-002   8.2210779190063477E-002        8129        8109
Total Mega-FLOPs: 1323
        1500   1.0777512216009200E-010  0.33323300000000000       0.33414196968078613             6752        6733
Total Mega-FLOPs: 3104
        2000   1.6757439880166203E-010  0.81574700000000000       0.81726384162902832             6537        6525
Total Mega-FLOPs: 10368
        3000   3.1513991416431963E-010   3.1780860000000000        3.1842250823974609             5663        5652
Total Mega-FLOPs: 24480
        4000   4.8726178647484630E-010   7.4917059999999998        7.5033721923828125             5695        5686
Total Mega-FLOPs: 47750
        5000   6.7029759520664811E-010   15.166030999999998        15.190997838973999             5494        5485
Total Mega-FLOPs: 82440
        6000   8.8812157628126442E-010   25.647936999999999        25.686089992523193             5614        5606
Total Mega-FLOPs: 130928
        7000   1.1095835361629725E-009   41.874690000000001        41.941032886505127             5460        5452
Total Mega-FLOPs: 195328
        8000   1.3806129572913051E-009   60.933898999999997        61.023387908935547             5601        5593
Total Mega-FLOPs: 278154
        9000   1.6643753042444587E-009   89.670541999999983        89.817229986190796             5419        5410
Total Mega-FLOPs: 381800
       10000   1.9308572518639266E-009   119.64001599999999        119.81398296356201             5572        5564
===== THREADS: 2 =====
Total Mega-FLOPs: 0.64
         100   1.6164847238542279E-012   3.8199999999999996E-004   3.8409233093261719E-004        1745        1735
Total Mega-FLOPs: 54
         500   1.8474111129762605E-011   1.4932000000000001E-002   7.9460144042968750E-003        5580       10487
Total Mega-FLOPs: 402
        1000   5.5592863645870239E-011   8.6972999999999995E-002   4.3673038482666016E-002        7665       15264
Total Mega-FLOPs: 1323
        1500   1.1254996934439987E-010  0.34631899999999999       0.17395615577697754             6496       12934
Total Mega-FLOPs: 3104
        2000   1.6461854102090001E-010  0.89998699999999987       0.45160102844238281             5926       11809
Total Mega-FLOPs: 10368
        3000   3.1059244065545499E-010   3.3494209999999995        1.6783599853515625             5374       10724
Total Mega-FLOPs: 24480
        4000   4.8385118134319782E-010   8.3869869999999995        4.2019350528717041             5087       10154
Total Mega-FLOPs: 47750
        5000   6.7484506871551275E-010   15.177190000000000        7.6026189327239990             5490       10961
Total Mega-FLOPs: 82440
        6000   8.8584783952683210E-010   26.389525999999996        13.218133926391602             5456       10894
Total Mega-FLOPs: 130830
        7000   1.1386873666197062E-009   45.473134000000002        22.777205944061279             5028       10039
Total Mega-FLOPs: 195328
        8000   1.3924363884143531E-009   67.760094999999993        33.939534902572632             5037       10057
Total Mega-FLOPs: 278154
        9000   1.6616468201391399E-009   96.852762999999996        48.511888980865479             5017       10018
Total Mega-FLOPs: 381800
       10000   1.9281287677586079E-009   126.65965799999999        63.439280986785889             5263       10508
===== THREADS: 4 =====
Total Mega-FLOPs: 0.64
         100   1.8403056856186595E-012   1.2659999999999998E-003   5.2094459533691406E-004         526        1279
Total Mega-FLOPs: 53.5
         500   2.2254198484006338E-011  0.11134800000000000        2.8039932250976562E-002         748        2971
Total Mega-FLOPs: 402
        1000   5.3773874242324382E-011  0.11106199999999999        2.8205871582031250E-002        6002       23635
Total Mega-FLOPs: 1323
        1500   1.0663825378287584E-010  0.37949800000000000        9.5948934555053711E-002        5928       23449
Total Mega-FLOPs: 3104
        2000   1.6621015674900264E-010   1.0528230000000001       0.26499390602111816             5065       20126
Total Mega-FLOPs: 10368
        3000   3.1104718800634146E-010   4.0844940000000003        1.0243308544158936             4406       17572
Total Mega-FLOPs: 24480
        4000   4.8157744458876550E-010   10.440808000000001        2.6178278923034668             4086       16298
Total Mega-FLOPs: 47750
        5000   6.7302607931196690E-010   20.778614999999999        5.2077610492706299             4010       16001
Total Mega-FLOPs: 82440
        6000   8.8448359747417271E-010   36.785736999999997        9.2180759906768799             3914       15621
Total Mega-FLOPs: 130928
        7000   1.1123120202682912E-009   59.059985999999995        14.798026084899902             3871       15452
Total Mega-FLOPs: 195328
        8000   1.3901626516599208E-009   89.478657999999996        22.417699098587036             3814       15226
Total Mega-FLOPs: 278154
        9000   1.6543708625249565E-009   124.26170499999999        31.131097793579102             3911       15611
Total Mega-FLOPs: 381800
       10000   1.9263097783550620E-009   175.77715799999999        44.034822940826416             3792       15139
===== THREADS: 8 =====
Total Mega-FLOPs: 0.64
         100   1.8332002582610585E-012   1.7830000000000003E-003   7.9798698425292969E-004         373         835
Total Mega-FLOPs: 54
         500   1.7223555914824829E-011  0.28112799999999999        3.5788059234619141E-002         296        2328
Total Mega-FLOPs: 402
        1000   5.5251803132705390E-011  0.43035800000000002        5.4767847061157227E-002        1549       12172
Total Mega-FLOPs: 1323
        1500   1.0777512216009200E-010  0.48797400000000002        6.1609029769897461E-002        4610       36520
Total Mega-FLOPs: 3104
        2000   1.6575540939811617E-010   1.6988319999999999       0.21448111534118652             3139       24866
Total Mega-FLOPs: 10368
        3000   3.1650415621697903E-010   7.8181149999999997       0.98108911514282227             2302       18346
Total Mega-FLOPs: 24480
        4000   4.8430592869408429E-010   20.060099999999998        2.5145919322967529             2126       16967
Total Mega-FLOPs: 47750
        5000   6.7029759520664811E-010   40.630488999999997        5.0918638706207275             2051       16365
Total Mega-FLOPs: 82440
        6000   8.8857632363215089E-010   71.394556000000009        8.9452559947967529             2016       16097
Total Mega-FLOPs: 130830
        7000   1.1314114090055227E-009   114.21758500000000        14.310190916061401             2002       15979
Total Mega-FLOPs: 195328
        8000   1.3869794202037156E-009   172.45050499999999        21.605361938476562             1979       15798
Total Mega-FLOPs: 278154
        9000   1.6598278307355940E-009   245.29872200000000        30.732865810394287             1981       15813
Total Mega-FLOPs: 381800
       10000   1.9254002836532891E-009   338.09195199999999        42.355637073516846             1971       15739
===== THREADS: 10 =====
Total Mega-FLOPs: 0.64
         100   1.6768808563938364E-012   1.5460000000000001E-003   1.1608600616455078E-003         431         574
Total Mega-FLOPs: 54
         500   1.6939338820520788E-011  0.32133499999999998        3.2553195953369141E-002         259        2559
Total Mega-FLOPs: 400
        1000   6.4233063312713057E-011   1.3318289999999999       0.13423991203308105              500        4966
Total Mega-FLOPs: 1323
        1500   1.1004885891452432E-010  0.58657700000000002        5.9648036956787109E-002        3835       37721
Total Mega-FLOPs: 3104
        2000   1.6507328837178648E-010   1.9857240000000000       0.20067787170410156             2685       26576
Total Mega-FLOPs: 10368
        3000   3.1241143005900085E-010   9.7582299999999993       0.97970294952392578             1844       18372
Total Mega-FLOPs: 24480
        4000   4.8385118134319782E-010   25.095534000000001        2.5182030200958252             1700       16943
Total Mega-FLOPs: 47750
        5000   6.7120708990842104E-010   50.773123999999996        5.0918560028076172             1641       16366
Total Mega-FLOPs: 82440
        6000   8.8766682893037796E-010   89.263967000000008        8.9499289989471436             1613       16089
Total Mega-FLOPs: 130830
        7000   1.1395968613214791E-009   143.25585599999999        14.363549947738647             1596       15919
Total Mega-FLOPs: 195328
        8000   1.3860699255019426E-009   215.44084599999999        21.601125955581665             1584       15801
Total Mega-FLOPs: 278154
        9000   1.6589183360338211E-009   307.47157599999997        30.829104900360107             1580       15764
Total Mega-FLOPs: 381800
       10000   1.9235812942497432E-009   422.49056700000000        42.363627910614014             1577       15736
===== THREADS: 16 =====
Total Mega-FLOPs: 0.64
         100   1.7337242752546445E-012   1.1170999999999999E-002   1.1451244354248047E-003          59         582
Total Mega-FLOPs: 53.5
         500   2.3220536604640074E-011  0.36468399999999995        2.3295879364013672E-002         228        3577
Total Mega-FLOPs: 402
        1000   5.4455995268654078E-011  0.94274799999999992        5.9577941894531250E-002         707       11189
Total Mega-FLOPs: 1323
        1500   1.1027623258996755E-010  0.88795900000000005        5.6236028671264648E-002        2533       40009
Total Mega-FLOPs: 3104
        2000   1.6848389350343496E-010   3.1288709999999997       0.19745898246765137             1704       27009
Total Mega-FLOPs: 10368
        3000   3.1377567211166024E-010   15.488562999999999       0.97369098663330078             1162       18486
Total Mega-FLOPs: 24480
        4000   4.8703441279940307E-010   40.059840999999999        2.5138418674468994             1065       16972
Total Mega-FLOPs: 47750
        5000   6.7211658461019397E-010   82.155749000000000        5.1508560180664062             1014       16178
Total Mega-FLOPs: 82440
        6000   8.8402885012328625E-010   143.17394499999997        8.9749422073364258             1005       16044
Total Mega-FLOPs: 130830
        7000   1.1395968613214791E-009   230.43250499999999        14.444673061370850              992       15830
Total Mega-FLOPs: 195328
        8000   1.3797034625895321E-009   346.25408199999998        21.704358100891113              985       15726
Total Mega-FLOPs: 278154
        9000   1.6570993466302752E-009   494.44938500000001        30.990138053894043              982       15682
Total Mega-FLOPs: 381600
       10000   1.9663275452330709E-009   678.39596200000005        42.523716211318970              982       15677
===== THREADS: 20 =====
Total Mega-FLOPs: 0.64
         100   1.6626700016786344E-012   1.2357999999999999E-002   1.4071464538574219E-003          53         473
Total Mega-FLOPs: 54
         500   1.7251977624255233E-011  0.34862499999999996        1.8640041351318359E-002         239        4470
Total Mega-FLOPs: 402
        1000   5.5365489970427006E-011   1.3854480000000000        6.9904804229736328E-002         481        9536
Total Mega-FLOPs: 1323
        1500   1.1073097994085401E-010   1.1609360000000000        5.8876037597656250E-002        1938       38215
Total Mega-FLOPs: 3104
        2000   1.6279955161735415E-010   3.9516860000000000       0.20019602775573730             1349       26640
Total Mega-FLOPs: 10368
        3000   3.1150193535722792E-010   19.341987999999997       0.97313499450683594              930       18496
Total Mega-FLOPs: 24480
        4000   4.8453330236952752E-010   50.072201000000000        2.5169501304626465              852       16951
Total Mega-FLOPs: 47750
        5000   6.7302607931196690E-010   101.44824599999998        5.0942749977111816              821       16358
Total Mega-FLOPs: 82440
        6000   8.8675733422860503E-010   178.57056699999998        8.9625799655914307              806       16066
Total Mega-FLOPs: 130830
        7000   1.1423253454267979E-009   286.74631899999997        14.393590927124023              797       15886
Total Mega-FLOPs: 195328
        8000   1.3906173990108073E-009   431.88059799999996        21.681246042251587              790       15743
Total Mega-FLOPs: 278316
        9000   1.6198100638575852E-009   615.76950199999999        30.903877973556519              789       15726
Total Mega-FLOPs: 381800
       10000   1.9217623048461974E-009   846.71089599999993        42.488885879516602              787       15690
