===== THREADS: 1 =====
         100   9.9475983006414026E-014   2.8599999999999980E-004   2.9397010803222656E-004        2331        2267
         500   1.7053025658242404E-012   1.7956000000000000E-002   1.8040180206298828E-002        4640        4619
        1000   6.9348971010185778E-012  0.13425299999999998       0.13453292846679688             4965        4955
        1500   9.7770680440589786E-012  0.50222299999999997       0.50356197357177734             4480        4468
        2000   2.0236257114447653E-011   1.4608859999999999        1.4644269943237305             3650        3641
        3000   3.3196556614711881E-011   5.8216049999999999        5.8327360153198242             3091        3086
        4000   7.0940586738288403E-011   15.337924999999998        15.366716861724854             2781        2776
        5000   7.9126039054244757E-011   30.893813999999999        30.950159072875977             2697        2692
        6000   1.2641976354643703E-010   53.948439999999998        54.041061878204346             2669        2664
        7000   1.2369127944111824E-010   87.321707000000004        87.475147008895874             2618        2614
        8000   1.9281287677586079E-010   132.08461199999999        132.30325102806091             2584        2579
        9000   2.2373569663614035E-010   189.98752799999997        190.32061815261841             2558        2553
       10000   2.5102053768932819E-010   259.11936599999996        259.56643700599670             2572        2568
===== THREADS: 2 =====
         100   1.0658141036401503E-013   3.6600000000000001E-004   3.6907196044921875E-004        1821        1806
         500   1.7621459846850485E-012   1.7700999999999998E-002   9.4339847564697266E-003        4707        8833
        1000   7.1622707764618099E-012  0.14673100000000000        7.3997020721435547E-002        4543        9009
        1500   8.8675733422860503E-012  0.55640599999999996       0.28001499176025391             4043        8035
        2000   2.2055246517993510E-011   1.8863029999999998       0.94728183746337891             2827        5630
        3000   3.1832314562052488E-011   8.8874580000000005        4.4579091072082520             2025        4037
        4000   6.9576344685629010E-011   24.124391999999997        12.096645116806030             1768        3527
        5000   9.0039975475519896E-011   49.975117000000004        25.057976007461548             1667        3325
        6000   1.0913936421275139E-010   89.412239000000000        44.829729080200195             1610        3212
        7000   1.1459633242338896E-010   144.62168199999999        72.486410856246948             1581        3154
        8000   2.1191226551309228E-010   216.51132999999999        108.58675599098206             1576        3143
        9000   2.6193447411060333E-010   312.31236300000000        156.56074786186218             1556        3104
       10000   2.6557245291769505E-010   430.47386999999998        215.73174095153809             1548        3090
===== THREADS: 4 =====
         100   1.9895196601282805E-013   1.0480000000000003E-003   4.4202804565429688E-004         636        1508
         500   1.7621459846850485E-012   2.3217999999999999E-002   6.0360431671142578E-003        3589       13805
        1000   7.8443918027915061E-012  0.15128899999999998        3.9037942886352539E-002        4406       17077
        1500   1.2278178473934531E-011  0.56471499999999997       0.14317488670349121             3984       15715
        2000   2.2055246517993510E-011   2.7293459999999996       0.68731689453125000             1954        7759
        3000   4.1836756281554699E-011   14.900257000000000        3.7440509796142578             1208        4807
        4000   6.2300387071445584E-011   42.256970999999993        10.614794969558716             1009        4019
        5000   7.7307049650698900E-011   88.609076999999985        22.251585006713867              940        3745
        6000   1.1095835361629725E-010   159.76345300000000        40.123162984848022              901        3588
        7000   1.1186784831807017E-010   260.44365600000003        65.394352197647095              877        3496
        8000   1.9190338207408786E-010   401.09961699999997        100.77420687675476              850        3387
        9000   2.4192559067159891E-010   578.62717499999997        145.26774382591248              839        3345
       10000   2.3646862246096134E-010   789.55053599999997        198.25247001647949              844        3362
===== THREADS: 8 =====
         100   1.1368683772161603E-013   6.4999999999999997E-004   6.5803527832031250E-004        1025        1013
         500   2.0463630789890885E-012   2.9204999999999998E-002   4.5220851898193359E-003        2853       18428
        1000   7.1622707764618099E-012  0.15640899999999999        2.0797014236450195E-002        4262       32055
        1500   1.1596057447604835E-011  0.60640899999999998        7.7960968017578125E-002        3710       28860
        2000   2.1600499167107046E-011   3.8893320000000000       0.49257802963256836             1371       10827
        3000   3.5470293369144201E-011   28.521331999999997        3.5942289829254150              631        5008
        4000   8.5947249317541718E-011   83.386337999999995        10.503885030746460              511        4061
        5000   7.1850081440061331E-011   177.04051200000001        22.295122146606445              470        3737
        6000   9.8225427791476250E-011   322.01903899999996        40.555118083953857              447        3550
        7000   1.2823875294998288E-010   528.67259699999988        66.572708129882812              432        3434
        8000   2.1009327610954642E-010   814.25359800000001        102.58874106407166              419        3327
        9000   2.5647750589996576E-010   1174.3651080000000        147.85586690902710              413        3286
       10000   2.6739144232124090E-010   1607.2647290000000        202.37687397003174              414        3294
===== THREADS: 10 =====
         100   1.4210854715202004E-013   4.4250000000000001E-003   7.2288513183593750E-004         150         922
         500   1.4779288903810084E-012   3.4995999999999999E-002   4.3349266052246094E-003        2381       19223
        1000   8.7538865045644343E-012  0.16817799999999999        1.8567085266113281E-002        3964       35905
        1500   1.1368683772161603E-011  0.65112899999999996        6.6979885101318359E-002        3455       33592
        2000   2.1600499167107046E-011   4.2098659999999999       0.42747282981872559             1266       12476
        3000   4.0017766878008842E-011   34.724292999999996        3.5062909126281738              518        5133
        4000   6.3209881773218513E-011   105.70867400000000        10.668374061584473              403        3999
        5000   9.0039975475519896E-011   224.96641499999998        22.700511932373047              370        3670
        6000   1.1186784831807017E-010   410.61910999999998        41.436016082763672              350        3475
        7000   1.5006662579253316E-010   667.69118099999992        67.361691951751709              342        3394
        8000   2.0008883439004421E-010   1027.2346009999999        103.67814588546753              332        3292
        9000   2.2737367544323206E-010   1480.1924829999998        149.30956196784973              328        3254
       10000   2.9831426218152046E-010   2032.1934799999999        205.01770591735840              328        3251
===== THREADS: 16 =====
         100   1.1368683772161603E-013   3.6119999999999998E-003   9.9611282348632812E-004         184         669
         500   1.5916157281026244E-012   6.7039999999999988E-002   5.2359104156494141E-003        1243       15915
        1000   6.4801497501321137E-012  0.32332399999999994        2.1633148193359375E-002        2061       30816
        1500   1.0686562745831907E-011   1.1301590000000001        7.2803020477294922E-002        1990       30905
        2000   2.2964741219766438E-011   6.3565379999999996       0.40396714210510254              839       13202
        3000   3.2741809263825417E-011   57.133405999999994        3.6101500988006592              315        4985
        4000   6.8666849983856082E-011   168.33182700000000        10.627881050109863              253        4014
        5000   7.0940586738288403E-011   365.19566299999997        23.047963142395020              228        3615
        6000   1.1914380593225360E-010   668.48795299999995        42.183871984481812              215        3413
        7000   1.2460077414289117E-010   1092.7247359999999        68.938089847564697              209        3316
        8000   1.8826540326699615E-010   1672.4816329999999        105.58227205276489              204        3232
        9000   2.2009771782904863E-010   2408.8998250000000        152.05869102478027              201        3196
       10000   2.7830537874251604E-010   3299.1068669999995        209.20804691314697              202        3186
===== THREADS: 20 =====
         100   2.1316282072803006E-013   4.3829999999999997E-003   1.1160373687744141E-003         152         597
         500   2.0463630789890885E-012   8.4874999999999992E-002   5.3069591522216797E-003         981       15702
        1000   7.7307049650698900E-012  0.37277800000000000        1.9675016403198242E-002        1788       33883
        1500   1.1596057447604835E-011   1.3347320000000000        6.8898916244506836E-002        1685       32656
        2000   1.8417267710901797E-011   8.0747519999999984       0.41122579574584961              660       12969
        3000   4.2291503632441163E-011   70.521137999999993        3.5723750591278076              255        5038
        4000   6.2300387071445584E-011   218.78787399999999        11.077882051467896              195        3851
        5000   7.8216544352471828E-011   464.88416999999998        23.534447193145752              179        3540
        6000   1.1277734301984310E-010   848.52799900000002        42.955331087112427              169        3352
        7000   1.2823875294998288E-010   1387.9575620000001        70.245567798614502              164        3255
        8000   2.3646862246096134E-010   2114.5044600000001        107.04480910301208              161        3188
        9000   2.2555468603968620E-010   3050.0576710000000        154.33655595779419              159        3148
       10000   2.4192559067159891E-010   4220.6064950000000        213.55268001556396              157        3121
