===== THREADS: 1 =====
Total Mega-FLOPs: 0.66
         100   1.6058265828178264E-012   3.7800000000000030E-004   3.8194656372070312E-004        1763        1745
Total Mega-FLOPs: 54
         500   2.1429968910524622E-011   1.2372000000000001E-002   1.2439966201782227E-002        6735        6698
Total Mega-FLOPs: 404
        1000   5.3773874242324382E-011   7.5570999999999999E-002   7.5754880905151367E-002        8821        8800
Total Mega-FLOPs: 1327.5
        1500   1.0936673788819462E-010  0.32587500000000003       0.32672190666198730             6904        6886
Total Mega-FLOPs: 3112
        2000   1.6325429896824062E-010  0.82581999999999989       0.82761907577514648             6458        6444
Total Mega-FLOPs: 10386
        3000   3.1513991416431963E-010   3.1523919999999999        3.1581778526306152             5709        5699
Total Mega-FLOPs: 24512
        4000   4.8657966544851661E-010   7.7472040000000000        7.7613940238952637             5507        5497
Total Mega-FLOPs: 47750
        5000   6.9076122599653900E-010   14.980972000000000        15.004214048385620             5562        5553
Total Mega-FLOPs: 82512
        6000   8.8948581833392382E-010   26.479832999999999        26.525439023971558             5438        5428
Total Mega-FLOPs: 130928
        7000   1.1423253454267979E-009   42.685958999999997        42.756953954696655             5356        5348
Total Mega-FLOPs: 195456
        8000   1.3887984096072614E-009   61.836594999999996        61.928099155426025             5519        5511
Total Mega-FLOPs: 278316
        9000   1.6652847989462316E-009   88.463333999999989        88.593953847885132             5493        5485
Total Mega-FLOPs: 382000
       10000   1.9163053366355598E-009   120.97581000000000        121.15637183189392             5510        5502
===== THREADS: 2 =====
Total Mega-FLOPs: 0.66
         100   1.4210854715202004E-012   6.6199999999999983E-004   4.9805641174316406E-004        1007        1338
Total Mega-FLOPs: 54.5
         500   1.7166712495964020E-011   1.3015000000000001E-002   7.1220397949218750E-003        6402       11700
Total Mega-FLOPs: 404
        1000   5.6502358347643167E-011   8.0814999999999998E-002   4.2221784591674805E-002        8249       15789
Total Mega-FLOPs: 1327.5
        1500   1.1073097994085401E-010  0.33162000000000003       0.16892194747924805             6784       13319
Total Mega-FLOPs: 3112
        2000   1.6461854102090001E-010  0.87994099999999997       0.45317316055297852             6061       11768
Total Mega-FLOPs: 10386
        3000   3.1332092476077378E-010   3.5003780000000000        1.7651951313018799             5142       10197
Total Mega-FLOPs: 24512
        4000   4.8225956561509520E-010   8.2251760000000012        4.1639208793640137             5187       10246
Total Mega-FLOPs: 47800
        5000   6.6347638494335115E-010   15.379662000000000        7.7242319583892822             5418       10788
Total Mega-FLOPs: 82512
        6000   8.8857632363215089E-010   28.336908999999999        14.363839149475098             5081       10025
Total Mega-FLOPs: 130928
        7000   1.1414158507250249E-009   42.959049999999998        21.601955890655518             5322       10585
Total Mega-FLOPs: 195456
        8000   1.3815224519930780E-009   73.052486999999985        36.618470907211304             4672        9321
Total Mega-FLOPs: 278316
        9000   1.6516423784196377E-009   94.634443999999988        47.713740110397339             5135       10185
Total Mega-FLOPs: 382000
       10000   1.9308572518639266E-009   125.10782199999998        62.743905067443848             5328       10625
===== THREADS: 4 =====
Total Mega-FLOPs: 0.66
         100   1.5596413049934199E-012   1.3749999999999999E-003   6.7496299743652344E-004         484         987
Total Mega-FLOPs: 54
         500   2.2339463612297550E-011   5.2689000000000000E-002   1.4342069625854492E-002        1581        5810
Total Mega-FLOPs: 404
        1000   5.5479176808148623E-011   8.9799999999999991E-002   2.5220155715942383E-002        7423       26433
Total Mega-FLOPs: 1327.5
        1500   1.0913936421275139E-010  0.34562300000000001        9.1529846191406250E-002        6509       24582
Total Mega-FLOPs: 3112
        2000   1.6632384358672425E-010  0.96871899999999989       0.25886988639831543             5505       20602
Total Mega-FLOPs: 10386
        3000   3.1695890356786549E-010   4.0635820000000002        1.0487930774688721             4429       17162
Total Mega-FLOPs: 24512
        4000   4.8612491809763014E-010   10.165013999999999        2.5738589763641357             4197       16576
Total Mega-FLOPs: 47800
        5000   6.7211658461019397E-010   20.574891999999998        5.2005259990692139             4050       16024
Total Mega-FLOPs: 82512
        6000   8.8584783952683210E-010   37.033053000000002        9.3540880680084229             3888       15394
Total Mega-FLOPs: 130928
        7000   1.1332303984090686E-009   58.322268999999999        14.698992013931274             3920       15556
Total Mega-FLOPs: 195456
        8000   1.3842509360983968E-009   89.727746999999994        22.721544027328491             3804       15022
Total Mega-FLOPs: 278316
        9000   1.6602825780864805E-009   123.56254899999999        31.047744989395142             3933       15653
Total Mega-FLOPs: 382000
       10000   1.9199433154426515E-009   174.42385400000001        43.902706146240234             3822       15185
===== THREADS: 8 =====
Total Mega-FLOPs: 0.66
         100   1.3073986337985843E-012   3.5209999999999994E-003   1.0020732879638672E-003         189         665
Total Mega-FLOPs: 54.5
         500   1.6711965145077556E-011  0.19186599999999998        2.5921106338500977E-002         434        3214
Total Mega-FLOPs: 404
        1000   5.4001247917767614E-011   8.9779999999999999E-002   1.3535976409912109E-002        7425       49251
Total Mega-FLOPs: 1327.5
        1500   1.1095835361629725E-010  0.37954800000000000        5.1861047744750977E-002        5928       43385
Total Mega-FLOPs: 3112
        2000   1.6621015674900264E-010   1.5463110000000000       0.20883703231811523             3449       25538
Total Mega-FLOPs: 10386
        3000   3.1604940886609256E-010   7.5685879999999992       0.98156785964965820             2378       18338
Total Mega-FLOPs: 24512
        4000   4.8294168664142489E-010   19.566511999999999        2.5297980308532715             2180       16865
Total Mega-FLOPs: 47800
        5000   6.6665961639955640E-010   39.771087999999999        5.0986189842224121             2095       16344
Total Mega-FLOPs: 82512
        6000   8.8766682893037796E-010   70.334650999999994        8.9603879451751709             2047       16070
Total Mega-FLOPs: 130928
        7000   1.1414158507250249E-009   113.05309900000000        14.299443960189819             2022       15991
Total Mega-FLOPs: 195456
        8000   1.3833414413966238E-009   170.29743499999998        21.587671995162964             2004       15811
Total Mega-FLOPs: 278478
        9000   1.6243575373664498E-009   243.14894600000000        30.737071037292480             1998       15811
Total Mega-FLOPs: 382000
       10000   1.9208528101444244E-009   334.86922999999996        42.291809082031250             1990       15763
===== THREADS: 10 =====
Total Mega-FLOPs: 0.66
         100   1.4104273304837989E-012   4.4580000000000002E-003   1.1940002441406250E-003         149         558
Total Mega-FLOPs: 54
         500   2.2623680706601590E-011  0.22447199999999998        2.4907827377319336E-002         371        3345
Total Mega-FLOPs: 404
        1000   5.5138116294983774E-011  0.25280799999999998        2.8106927871704102E-002        2637       23718
Total Mega-FLOPs: 1327.5
        1500   1.1436895874794573E-010  0.43842100000000001        4.8009872436523438E-002        5132       46865
Total Mega-FLOPs: 3112
        2000   1.6393641999457031E-010   1.7714329999999998       0.19826006889343262             3010       26900
Total Mega-FLOPs: 10386
        3000   3.1468516681343317E-010   9.3513520000000003        1.0145080089569092             1924       17742
Total Mega-FLOPs: 24512
        4000   4.8748916015028954E-010   24.531013999999999        2.5495960712432861             1739       16734
Total Mega-FLOPs: 47800
        5000   6.7393557401373982E-010   50.427014999999997        5.1827869415283203             1652       16078
Total Mega-FLOPs: 82512
        6000   8.8812157628126442E-010   88.570640999999995        9.0397710800170898             1625       15929
Total Mega-FLOPs: 130928
        7000   1.1405063560232520E-009   142.26059699999999        14.398905992507935             1607       15880
Total Mega-FLOPs: 195456
        8000   1.3842509360983968E-009   213.30985600000000        21.551167964935303             1600       15838
Total Mega-FLOPs: 278478
        9000   1.6243575373664498E-009   305.67311899999999        30.838742971420288             1589       15759
Total Mega-FLOPs: 382000
       10000   1.9199433154426515E-009   420.00581999999997        42.341443061828613             1587       15745
===== THREADS: 16 =====
Total Mega-FLOPs: 0.66
         100   1.4566126083082054E-012   9.3899999999999990E-003   1.9781589508056641E-003          70         337
Total Mega-FLOPs: 54.5
         500   1.7678303265711293E-011  0.19603199999999998        1.5910863876342773E-002         425        5237
Total Mega-FLOPs: 404
        1000   5.4569682106375694E-011  0.32677200000000001        2.5789976119995117E-002        2040       25849
Total Mega-FLOPs: 1327.5
        1500   1.0857093002414331E-010  0.60004199999999996        5.0184011459350586E-002        3749       44834
Total Mega-FLOPs: 3112
        2000   1.6382273315684870E-010   2.5179849999999999       0.19561195373535156             2118       27264
Total Mega-FLOPs: 10386
        3000   3.1332092476077378E-010   13.832438999999999       0.98382616043090820             1301       18295
Total Mega-FLOPs: 24512
        4000   4.8567017074674368E-010   36.411710999999997        2.5907399654388428             1171       16468
Total Mega-FLOPs: 47800
        5000   6.7439032136462629E-010   73.452625999999995        5.2198851108551025             1134       15964
Total Mega-FLOPs: 82512
        6000   8.9403329184278846E-010   129.52604800000000        9.0322229862213135             1111       15942
Total Mega-FLOPs: 130928
        7000   1.1395968613214791E-009   207.52241000000001        14.482229948043823             1101       15789
Total Mega-FLOPs: 195456
        8000   1.3851604308001697E-009   312.80333099999996        21.715224027633667             1091       15718
Total Mega-FLOPs: 278316
        9000   1.6552803572267294E-009   446.25141700000000        31.047559976577759             1089       15653
Total Mega-FLOPs: 382000
       10000   1.9272192730568349E-009   614.33285799999999        42.545421123504639             1085       15669
===== THREADS: 20 =====
Total Mega-FLOPs: 0.66
         100   1.4352963262354024E-012   9.7509999999999993E-003   2.1560192108154297E-003          68         309
Total Mega-FLOPs: 54.5
         500   1.7621459846850485E-011  0.18323300000000001        1.3358116149902344E-002         454        6238
Total Mega-FLOPs: 404
        1000   5.5251803132705390E-011  0.18060799999999999        1.4895915985107422E-002        3691       44754
Total Mega-FLOPs: 1327.5
        1500   1.0936673788819462E-010  0.86146999999999996        5.2689075469970703E-002        2611       42703
Total Mega-FLOPs: 3112
        2000   1.6302692529279739E-010   3.7266640000000000       0.20435285568237305             1431       26098
Total Mega-FLOPs: 10386
        3000   3.1241143005900085E-010   18.862356999999999       0.98999094963073730              954       18181
Total Mega-FLOPs: 24512
        4000   4.8612491809763014E-010   49.284199999999991        2.5342180728912354              865       16836
Total Mega-FLOPs: 47800
        5000   6.6984284785576165E-010   100.67921100000000        5.1422460079193115              827       16205
Total Mega-FLOPs: 82512
        6000   8.9175955508835614E-010   176.75904799999998        8.9860200881958008              814       16024
Total Mega-FLOPs: 130928
        7000   1.1341398931108415E-009   285.58203499999996        14.497495174407959              800       15772
Total Mega-FLOPs: 195456
        8000   1.3897079043090343E-009   427.92395299999998        21.665596008300781              797       15754
Total Mega-FLOPs: 278478
        9000   1.6243575373664498E-009   613.76980700000001        31.028116941452026              791       15663
Total Mega-FLOPs: 382000
       10000   1.9226717995479703E-009   840.01283999999998        42.537512063980103              793       15672
