===== THREADS: 1 =====
Total Mega-FLOPs: 0.24
         100   4.2632564145606011E-014   2.3600000000000010E-004   2.3412704467773438E-004        2824        2847
Total Mega-FLOPs: 5
         500   2.8421709430404007E-013   1.4059999999999993E-003   1.4100074768066406E-003       59269       59101
Total Mega-FLOPs: 18
        1000   5.6843418860808015E-013   4.1049999999999993E-003   4.1389465332031250E-003      162403      161071
Total Mega-FLOPs: 40.5
        1500   6.8212102632969618E-013   1.0322999999999999E-002   1.0391950607299805E-002      217959      216513
Total Mega-FLOPs: 64
        2000   1.8189894035458565E-012   1.8271000000000003E-002   1.8350839614868164E-002      291901      290631
Total Mega-FLOPs: 144
        3000   1.3642420526593924E-012   4.4712000000000016E-002   4.4838190078735352E-002      402576      401443
Total Mega-FLOPs: 256
        4000   1.3642420526593924E-012   8.1894999999999996E-002   8.2088947296142578E-002      520992      519761
Total Mega-FLOPs: 350
        5000   3.6379788070917130E-012  0.11068599999999998       0.11091399192810059           752880      751332
Total Mega-FLOPs: 504
        6000   4.5474735088646412E-012  0.16260300000000000       0.16299009323120117           885592      883489
Total Mega-FLOPs: 686
        7000   3.6379788070917130E-012  0.21721999999999997       0.21765995025634766          1052696     1050568
Total Mega-FLOPs: 896
        8000   3.6379788070917130E-012  0.28857200000000005       0.28914499282836914          1182835     1180491
Total Mega-FLOPs: 1134
        9000   5.4569682106375694E-012  0.35893199999999992       0.35955905914306641          1354016     1351655
Total Mega-FLOPs: 1400
       10000   5.4569682106375694E-012  0.45574899999999996       0.45670914649963379          1462793     1459718
===== THREADS: 2 =====
Total Mega-FLOPs: 0.24
         100   5.6843418860808015E-014   4.7899999999999983E-004   3.7884712219238281E-004        1391        1759
Total Mega-FLOPs: 5
         500   2.8421709430404007E-013   1.6020000000000001E-003   9.5510482788085938E-004       52018       87250
Total Mega-FLOPs: 18
        1000   6.8212102632969618E-013   4.7670000000000004E-003   2.6371479034423828E-003      139850      252798
Total Mega-FLOPs: 40.5
        1500   6.8212102632969618E-013   1.1977999999999999E-002   6.3610076904296875E-003      187844      353717
Total Mega-FLOPs: 64
        2000   1.8189894035458565E-012   2.0012000000000002E-002   1.0704994201660156E-002      266506      498209
Total Mega-FLOPs: 144
        3000   1.3642420526593924E-012   4.7655999999999990E-002   2.4830818176269531E-002      377706      724905
Total Mega-FLOPs: 256
        4000   1.3642420526593924E-012   8.7778999999999996E-002   4.5544147491455078E-002      486069      936819
Total Mega-FLOPs: 350
        5000   3.6379788070917130E-012  0.11621600000000001        5.9501886367797852E-002      717055     1400515
Total Mega-FLOPs: 504
        6000   4.5474735088646412E-012  0.17123499999999997        8.7620973587036133E-002      840949     1643442
Total Mega-FLOPs: 686
        7000   4.5474735088646412E-012  0.22521599999999997       0.11416697502136230          1015321     2002914
Total Mega-FLOPs: 896
        8000   2.7284841053187847E-012  0.30769899999999994       0.15687203407287598          1109309     2175871
Total Mega-FLOPs: 1134
        9000   5.4569682106375694E-012  0.39574500000000001       0.19912815093994141          1228063     2440639
Total Mega-FLOPs: 1400
       10000   5.4569682106375694E-012  0.48235600000000001       0.24332809448242188          1382105     2739785
===== THREADS: 4 =====
Total Mega-FLOPs: 0.24
         100   5.6843418860808015E-014   1.0260000000000000E-003   4.8804283142089844E-004         649        1366
Total Mega-FLOPs: 5
         500   2.8421709430404007E-013   2.1670000000000005E-003   8.7213516235351562E-004       38455       95550
Total Mega-FLOPs: 18
        1000   7.9580786405131221E-013   5.0409999999999986E-003   1.5850067138671875E-003      132248      420608
Total Mega-FLOPs: 40.5
        1500   6.8212102632969618E-013   1.2044000000000003E-002   3.4770965576171875E-003      186815      647091
Total Mega-FLOPs: 64
        2000   1.5916157281026244E-012   2.3082999999999999E-002   6.3669681549072266E-003      231050      837656
Total Mega-FLOPs: 144
        3000   1.8189894035458565E-012   6.0793999999999987E-002   1.6440868377685547E-002      296081     1094832
Total Mega-FLOPs: 256
        4000   1.8189894035458565E-012  0.11032800000000001        2.8774976730346680E-002      386725     1482769
Total Mega-FLOPs: 350
        5000   3.6379788070917130E-012  0.15481600000000001        4.0165185928344727E-002      538273     2074765
Total Mega-FLOPs: 504
        6000   4.5474735088646412E-012  0.22633599999999998        5.8212041854858398E-002      636222     2473715
Total Mega-FLOPs: 686
        7000   4.5474735088646412E-012  0.31075699999999995        7.9636812210083008E-002      735837     2871368
Total Mega-FLOPs: 896
        8000   3.6379788070917130E-012  0.41262299999999996       0.10554385185241699           827228     3234042
Total Mega-FLOPs: 1134
        9000   5.4569682106375694E-012  0.51343800000000006       0.13029098510742188           946560     3730112
Total Mega-FLOPs: 1400
       10000   5.4569682106375694E-012  0.63693999999999995       0.16090393066406250          1046671     4143259
===== THREADS: 8 =====
Total Mega-FLOPs: 0.24
         100   7.8159700933611020E-014   2.5980000000000000E-003   7.2097778320312500E-004         256         924
Total Mega-FLOPs: 5
         500   2.8421709430404007E-013   1.4688000000000000E-002   2.3589134216308594E-003        5673       35327
Total Mega-FLOPs: 18
        1000   6.8212102632969618E-013   5.6729999999999992E-003   1.2099742889404297E-003      117515      550975
Total Mega-FLOPs: 40.5
        1500   6.8212102632969618E-013   1.4124000000000001E-002   2.3519992828369141E-003      159303      956632
Total Mega-FLOPs: 64
        2000   1.3642420526593924E-012   3.5869999999999999E-002   5.3410530090332031E-003      148685      998554
Total Mega-FLOPs: 144
        3000   1.8189894035458565E-012  0.11053300000000001        1.4844894409179688E-002      162847     1212538
Total Mega-FLOPs: 256
        4000   1.3642420526593924E-012  0.21109999999999998        2.7606964111328125E-002      202115     1545503
Total Mega-FLOPs: 350
        5000   4.5474735088646412E-012  0.29626299999999994        3.8637876510620117E-002      281281     2156778
Total Mega-FLOPs: 504
        6000   3.6379788070917130E-012  0.43467899999999993        5.5693149566650391E-002      331278     2585596
Total Mega-FLOPs: 686
        7000   3.6379788070917130E-012  0.59537900000000010        7.6148986816406250E-002      384069     3002885
Total Mega-FLOPs: 896
        8000   3.6379788070917130E-012  0.78121600000000002       0.10042691230773926           436925     3398823
Total Mega-FLOPs: 1134
        9000   5.4569682106375694E-012  0.99032999999999993       0.12735390663146973           490745     3816137
Total Mega-FLOPs: 1400
       10000   4.5474735088646412E-012   1.2290889999999999       0.15609407424926758           542407     4270928
===== THREADS: 10 =====
Total Mega-FLOPs: 0.24
         100   5.6843418860808015E-014   2.7979999999999993E-003   7.9917907714843750E-004         238         834
Total Mega-FLOPs: 5
         500   2.8421709430404007E-013   2.2145999999999999E-002   2.8588771820068359E-003        3762       29148
Total Mega-FLOPs: 18
        1000   6.8212102632969618E-013   1.2529000000000000E-002   1.8930435180664062E-003       53209      352166
Total Mega-FLOPs: 40.5
        1500   6.8212102632969618E-013   1.6305000000000000E-002   2.3310184478759766E-003      137994      965243
Total Mega-FLOPs: 64
        2000   1.3642420526593924E-012   4.0201000000000008E-002   5.7759284973144531E-003      132666      923372
Total Mega-FLOPs: 144
        3000   1.3642420526593924E-012  0.13553100000000001        1.4771223068237305E-002      132810     1218585
Total Mega-FLOPs: 256
        4000   2.2737367544323206E-012  0.25747799999999998        3.0081987380981445E-002      165709     1418346
Total Mega-FLOPs: 350
        5000   4.5474735088646412E-012  0.36905100000000002        3.8429975509643555E-002      225804     2168446
Total Mega-FLOPs: 504
        6000   4.5474735088646412E-012  0.54204799999999997        5.5739879608154297E-002      265659     2583428
Total Mega-FLOPs: 686
        7000   3.6379788070917130E-012  0.74377999999999989        7.6220035552978516E-002      307438     3000086
Total Mega-FLOPs: 896
        8000   3.6379788070917130E-012  0.97851100000000002        9.9878072738647461E-002      348829     3417500
Total Mega-FLOPs: 1134
        9000   4.5474735088646412E-012   1.2430549999999998       0.12669706344604492           390972     3835921
Total Mega-FLOPs: 1400
       10000   5.4569682106375694E-012   1.5369000000000002       0.15619921684265137           433773     4268053
===== THREADS: 16 =====
Total Mega-FLOPs: 0.24
         100   5.6843418860808015E-014   4.8850000000000005E-003   1.3129711151123047E-003         136         507
Total Mega-FLOPs: 5
         500   2.2737367544323206E-013   1.7162000000000000E-002   2.2120475769042969E-003        4855       37672
Total Mega-FLOPs: 18
        1000   5.6843418860808015E-013   1.7928999999999994E-002   2.2649765014648438E-003       37183      294337
Total Mega-FLOPs: 40.5
        1500   6.8212102632969618E-013   2.3667000000000001E-002   2.8119087219238281E-003       95069      800168
Total Mega-FLOPs: 64
        2000   1.3642420526593924E-012   6.0589999999999998E-002   6.0830116271972656E-003       88023      876758
Total Mega-FLOPs: 144
        3000   1.8189894035458565E-012  0.19739199999999996        1.5134096145629883E-002       91189     1189367
Total Mega-FLOPs: 256
        4000   1.3642420526593924E-012  0.38440099999999994        2.8491973876953125E-002      110995     1497497
Total Mega-FLOPs: 350
        5000   4.5474735088646412E-012  0.54993700000000001        3.9412021636962891E-002      151532     2114414
Total Mega-FLOPs: 504
        6000   3.6379788070917130E-012  0.79490200000000000        5.6572914123535156E-002      181154     2545387
Total Mega-FLOPs: 686
        7000   3.6379788070917130E-012   1.0885870000000000        7.7093839645385742E-002      210058     2966082
Total Mega-FLOPs: 896
        8000   2.7284841053187847E-012   1.4356889999999998       0.10120296478271484           237748     3372760
Total Mega-FLOPs: 1134
        9000   5.4569682106375694E-012   1.8263579999999999       0.12740302085876465           266103     3814666
Total Mega-FLOPs: 1400
       10000   5.4569682106375694E-012   2.2607779999999997       0.15751099586486816           294883     4232508
===== THREADS: 20 =====
Total Mega-FLOPs: 0.24
         100   5.6843418860808015E-014   6.9279999999999993E-003   1.5947818756103516E-003          96         418
Total Mega-FLOPs: 5
         500   3.4106051316484809E-013   1.4156000000000000E-002   2.1841526031494141E-003        5886       38153
Total Mega-FLOPs: 18
        1000   7.9580786405131221E-013   1.2755000000000001E-002   1.9898414611816406E-003       52267      335035
Total Mega-FLOPs: 40.5
        1500   6.8212102632969618E-013   3.0806999999999998E-002   2.9771327972412109E-003       73035      755760
Total Mega-FLOPs: 64
        2000   1.3642420526593924E-012   8.0297000000000007E-002   5.6691169738769531E-003       66420      940769
Total Mega-FLOPs: 144
        3000   1.8189894035458565E-012  0.26591599999999999        1.5162944793701172E-002       67690     1187104
Total Mega-FLOPs: 256
        4000   1.3642420526593924E-012  0.51439900000000005        2.7966022491455078E-002       82944     1525660
Total Mega-FLOPs: 350
        5000   3.6379788070917130E-012  0.72849699999999995        3.8907051086425781E-002      114390     2141856
Total Mega-FLOPs: 504
        6000   4.5474735088646412E-012   1.0803689999999999        5.6251049041748047E-002      133287     2559952
Total Mega-FLOPs: 686
        7000   3.6379788070917130E-012   1.4900469999999999        7.6987028121948242E-002      153462     2970197
Total Mega-FLOPs: 896
        8000   2.7284841053187847E-012   1.9574610000000001       0.10061597824096680           174375     3392436
Total Mega-FLOPs: 1134
        9000   5.4569682106375694E-012   2.4900620000000000       0.12748694419860840           195175     3812155
Total Mega-FLOPs: 1400
       10000   5.4569682106375694E-012   3.0822680000000000       0.15716791152954102           216290     4241748
