===== THREADS: 1 =====
         100   1.5631940186722204E-013   3.8300000000000009E-004   3.8099288940429688E-004        1740        1749
         500   1.7053025658242404E-012   1.8242000000000001E-002   1.8315076828002930E-002        4568        4549
        1000   5.6843418860808015E-012  0.14290400000000000       0.14324116706848145             4665        4654
        1500   1.0686562745831907E-011  0.52764699999999998       0.52912902832031250             4264        4252
        2000   2.1145751816220582E-011   1.4628219999999998        1.4665739536285400             3645        3636
        3000   3.4106051316484809E-011   5.9492700000000003        5.9616940021514893             3025        3019
        4000   8.7766238721087575E-011   15.326241000000000        15.355421066284180             2783        2778
        5000   7.9126039054244757E-011   30.593228000000000        30.645491123199463             2723        2719
        6000   1.0004441719502211E-010   54.004950999999998        54.096601009368896             2666        2661
        7000   1.2641976354643703E-010   86.382048999999995        86.524183988571167             2647        2642
        8000   1.9736035028472543E-010   133.76731899999999        134.01237392425537             2551        2547
        9000   2.1373125491663814E-010   188.03060199999999        188.34254384040833             2584        2580
       10000   2.9467628337442875E-010   257.02835700000003        257.46391415596008             2593        2589
===== THREADS: 2 =====
         100   1.4210854715202004E-013   1.0939999999999995E-003   9.1600418090820312E-004         609         727
         500   2.2737367544323206E-012   4.5513999999999999E-002   2.5047063827514648E-002        1830        3327
        1000   6.8212102632969618E-012  0.18611799999999998        9.8004102706909180E-002        3581        6802
        1500   9.7770680440589786E-012  0.60044299999999995       0.30901789665222168             3747        7281
        2000   2.1827872842550278E-011   1.8786330000000000       0.95149707794189453             2838        5605
        3000   3.7289282772690058E-011   8.8463770000000004        4.4666039943695068             2034        4029
        4000   6.3664629124104977E-011   23.399514999999997        11.785730123519897             1823        3620
        5000   9.3677954282611609E-011   47.949300999999998        24.104615926742554             1737        3457
        6000   1.1368683772161603E-010   85.464119999999994        42.919911861419678             1684        3355
        7000   1.3824319466948509E-010   138.20035600000000        69.340763092041016             1654        3297
        8000   1.7917045624926686E-010   207.79538799999997        104.28945899009705             1642        3272
        9000   2.4010660126805305E-010   297.26757900000001        149.13727498054504             1634        3258
       10000   2.2919266484677792E-010   410.28150099999993        205.74897909164429             1624        3240
===== THREADS: 4 =====
         100   1.4210854715202004E-013   2.2559999999999998E-003   9.7799301147460938E-004         295         681
         500   1.5347723092418164E-012   5.4754999999999998E-002   1.6112089157104492E-002        1521        5172
        1000   8.4128259913995862E-012  0.26948600000000000        7.2894096374511719E-002        2473        9145
        1500   1.3415046851150692E-011  0.70726699999999998       0.18888092041015625             3181       11912
        2000   2.0691004465334117E-011   2.8185629999999997       0.73172807693481445             1892        7288
        3000   3.1377567211166024E-011   14.220319999999999        3.6385340690612793             1265        4947
        4000   5.8207660913467407E-011   40.992571999999996        10.413357019424438             1040        4097
        5000   7.8216544352471828E-011   81.108576999999997        20.533401966094971             1027        4058
        6000   1.2005330063402653E-010   150.42108099999999        37.998658895492554              957        3789
        7000   1.2005330063402653E-010   238.92007199999998        60.227301836013794              957        3796
        8000   2.1100277081131935E-010   359.25628399999999        90.741644859313965              950        3761
        9000   2.1373125491663814E-010   517.16429900000003        130.30352616310120              939        3729
       10000   2.7466739993542433E-010   713.07433399999991        179.62647604942322              934        3711
===== THREADS: 8 =====
         100   1.7053025658242404E-013   4.3039999999999997E-003   1.2230873107910156E-003         154         545
         500   1.8758328224066645E-012   6.8892999999999996E-002   1.1645793914794922E-002        1209        7155
        1000   7.7307049650698900E-012  0.38847099999999996        5.5796861648559570E-002        1716       11948
        1500   1.0004441719502211E-011  0.91632199999999997       0.12998390197753906             2455       17309
        2000   2.1600499167107046E-011   4.0576639999999999       0.53766393661499023             1314        9919
        3000   3.4106051316484809E-011   28.036796999999996        3.6095871925354004              642        4986
        4000   6.7302607931196690E-011   80.183902000000003        10.203933000564575              532        4181
        5000   7.3669070843607187E-011   170.53629300000000        21.625997066497803              488        3853
        6000   1.0368239600211382E-010   307.57864599999999        38.916757822036743              468        3700
        7000   1.1186784831807017E-010   502.98259700000000        63.548819065093994              454        3598
        8000   1.8826540326699615E-010   755.89731499999994        95.884493112564087              451        3559
        9000   2.0190782379359007E-010   1094.0884529999998        138.05664300918579              444        3520
       10000   2.3283064365386963E-010   1511.5616429999998        190.67579293251038              441        3496
===== THREADS: 10 =====
         100   1.7053025658242404E-013   5.4369999999999991E-003   1.4638900756835938E-003         122         455
         500   2.8421709430404007E-012   7.4797000000000002E-002   1.1011838912963867E-002        1114        7567
        1000   6.2527760746888816E-012  0.42215299999999994        4.9974918365478516E-002        1579       13340
        1500   9.0949470177292824E-012   1.0635070000000000       0.13800501823425293             2115       16303
        2000   2.0008883439004421E-011   4.3407589999999994       0.50167107582092285             1228       10631
        3000   3.3196556614711881E-011   34.459714999999996        3.5887379646301270              522        5015
        4000   6.4119376474991441E-011   100.66128300000000        10.317820072174072              423        4135
        5000   7.0940586738288403E-011   216.66322499999998        22.028287172317505              384        3783
        6000   1.2551026884466410E-010   392.52929200000000        39.870310068130493              366        3611
        7000   1.4642864698544145E-010   644.71612100000004        65.385693073272705              354        3497
        8000   2.5374902179464698E-010   966.40823399999999        97.971442937850952              353        3484
        9000   2.2737367544323206E-010   1385.1583739999999        140.17493605613708              350        3467
       10000   2.5829649530351162E-010   1916.9421020000000        194.10376000404358              347        3434
===== THREADS: 16 =====
         100   1.1368683772161603E-013   1.0026999999999998E-002   2.6378631591796875E-003          66         252
         500   2.3305801732931286E-012  0.11679200000000001        1.3525009155273438E-002         713        6161
        1000   6.3664629124104977E-012  0.64401600000000003        5.4739952087402344E-002        1035       12178
        1500   1.2505552149377763E-011   1.4771770000000000       0.12574100494384766             1523       17893
        2000   2.5011104298755527E-011   6.3582239999999999       0.47948193550109863              838       11123
        3000   3.4560798667371273E-011   50.644508999999999        3.6446700096130371              355        4938
        4000   6.6847860580310225E-011   150.27540600000000        10.711670160293579              283        3983
        5000   7.5488060247153044E-011   321.71319599999998        22.764555215835571              259        3660
        6000   1.1368683772161603E-010   583.00225300000000        41.078251838684082              246        3505
        7000   1.1823431123048067E-010   945.71632599999998        66.488226890563965              241        3439
        8000   2.4465407477691770E-010   1441.7033260000001        101.28090596199036              236        3370
        9000   2.1282176021486521E-010   2082.9635739999999        146.01922297477722              233        3328
       10000   2.8012436814606190E-010   2859.4859539999998        200.11541295051575              233        3331
===== THREADS: 20 =====
         100   1.4210854715202004E-013   1.1857999999999999E-002   2.5799274444580078E-003          56         258
         500   1.8189894035458565E-012  0.12569300000000000        1.3860940933227539E-002         662        6012
        1000   6.1390892369672656E-012  0.68839899999999998        5.1019906997680664E-002         968       13066
        1500   1.1596057447604835E-011   1.7227150000000000       0.11641097068786621             1306       19328
        2000   2.3646862246096134E-011   8.3760019999999997       0.47225093841552734              636       11293
        3000   4.0472514228895307E-011   68.446048000000005        3.6036560535430908              262        4994
        4000   5.6843418860808015E-011   204.84847699999997        10.667057037353516              208        3999
        5000   9.7315933089703321E-011   444.19707999999997        22.917043209075928              187        3636
        6000   9.7315933089703321E-011   811.90483199999994        41.629019975662231              177        3459
        7000   1.2641976354643703E-010   1324.9042169999998        67.696182012557983              172        3377
        8000   1.7371348803862929E-010   2014.9516379999998        102.96909189224243              169        3314
        9000   2.3101165425032377E-010   2914.8074059999999        148.69188308715820              166        3268
       10000   2.5829649530351162E-010   4019.4785299999999        204.57704687118530              165        3258
