         100   1.4210854715202004E-013   1.4900000000000026E-004   1.5211105346679688E-004        4474        4382
         500   1.9326762412674725E-012   1.8521999999999997E-002   1.8593072891235352E-002        4499        4481
        1000   6.0254023992456496E-012  0.13431399999999999       0.13457703590393066             4963        4953
        1500   1.1141310096718371E-011  0.48363299999999992       0.48485302925109863             4652        4640
        2000   2.2964741219766438E-011   1.4082980000000000        1.4120337963104248             3787        3777
        3000   3.1832314562052488E-011   5.8317940000000004        5.8433878421783447             3086        3080
        4000   6.8212102632969618E-011   15.361254000000001        15.390583992004395             2777        2772
        5000   8.4583007264882326E-011   30.578683999999996        30.631347179412842             2725        2720
        6000   1.1459633242338896E-010   54.877356999999996        54.976737976074219             2624        2619
        7000   1.4551915228366852E-010   86.707965999999999        86.852087974548340             2637        2632
        8000   2.4192559067159891E-010   134.04810400000000        134.28474307060242             2546        2541
        9000   2.1736923372372985E-010   188.67579599999999        188.98700785636902             2575        2571
       10000   2.4556356947869062E-010   260.88134600000001        261.34005498886108             2555        2550
