Total Mega-FLOPs: 0.24
         100   1.4210854715202004E-014   1.0700000000000032E-004   1.0895729064941406E-004        6230        6118
Total Mega-FLOPs: 5
         500   1.7053025658242404E-013   1.3239999999999997E-003   1.3320446014404297E-003       62940       62560
Total Mega-FLOPs: 18
        1000   3.4106051316484809E-013   4.0980000000000009E-003   4.1139125823974609E-003      162680      162051
Total Mega-FLOPs: 40.5
        1500   6.8212102632969618E-013   9.7390000000000011E-003   9.7799301147460938E-003      231029      230063
Total Mega-FLOPs: 64
        2000   6.8212102632969618E-013   1.7413999999999999E-002   1.7468929290771484E-002      306266      305303
Total Mega-FLOPs: 144
        3000   1.3642420526593924E-012   4.1608000000000006E-002   4.1688919067382812E-002      432609      431769
Total Mega-FLOPs: 256
        4000   1.3642420526593924E-012   7.5882000000000005E-002   7.6008796691894531E-002      562276      561338
Total Mega-FLOPs: 350
        5000   1.8189894035458565E-012  0.10709600000000002       0.10728621482849121           778118      776738
Total Mega-FLOPs: 504
        6000   2.7284841053187847E-012  0.15168100000000001       0.15192794799804688           949360      947817
Total Mega-FLOPs: 686
        7000   2.7284841053187847E-012  0.21083700000000000       0.21119093894958496          1084566     1082748
Total Mega-FLOPs: 896
        8000   1.8189894035458565E-012  0.26767699999999994       0.26809501647949219          1275168     1273180
Total Mega-FLOPs: 1134
        9000   3.6379788070917130E-012  0.35001699999999991       0.35057902336120605          1388504     1386278
Total Mega-FLOPs: 1400
       10000   3.6379788070917130E-012  0.41884299999999997       0.41948199272155762          1591686     1589261
