Total Mega-FLOPs: 0.66
         100   2.8421709430404007E-014   1.9000000000000006E-004   1.9192695617675781E-004        3508        3473
Total Mega-FLOPs: 54
         500   3.4106051316484809E-013   1.1589999999999998E-002   1.1636018753051758E-002        7190        7161
Total Mega-FLOPs: 402
        1000   9.0949470177292824E-013   7.4720999999999996E-002   7.4857950210571289E-002        8922        8905
Total Mega-FLOPs: 1318.5
        1500   1.3642420526593924E-012  0.32117800000000002       0.32211613655090332             7005        6985
Total Mega-FLOPs: 3120
        2000   1.3642420526593924E-012  0.78056899999999996       0.78227210044860840             6832        6817
Total Mega-FLOPs: 10584
        3000   3.1832314562052488E-012   2.9964199999999996        3.0020201206207275             6007        5995
Total Mega-FLOPs: 24992
        4000   3.1832314562052488E-012   7.3227750000000000        7.3347301483154297             5826        5817
Total Mega-FLOPs: 48600
        5000   4.5474735088646412E-012   14.442166000000000        14.465164899826050             5770        5760
Total Mega-FLOPs: 85752
        6000   6.3664629124104977E-012   26.360675999999998        26.404673099517822             5462        5453
Total Mega-FLOPs: 130830
        7000   7.2759576141834259E-012   39.376817999999993        39.435916900634766             5807        5798
Total Mega-FLOPs: 197120
        8000   8.1854523159563541E-012   61.557759999999995        61.653101921081543             5544        5536
Total Mega-FLOPs: 284148
        9000   1.1823431123048067E-011   85.941028000000003        86.070747852325439             5655        5646
Total Mega-FLOPs: 378200
       10000   1.2732925824820995E-011   118.62746599999998        118.81694316864014             5619        5610
