         100   1.2789769243681803E-013   1.8050000000000002E-003   1.8110275268554688E-003         369         368
         500   1.9895196601282805E-012  0.18461200000000000       0.18493700027465820              451         450
        1000   7.5033312896266580E-012   1.4415040000000001        1.4436018466949463              462         461
        1500   1.2050804798491299E-011   4.8750880000000008        4.8827061653137207              461         460
        2000   1.8189894035458565E-011   11.603838000000000        11.621095180511475              459         458
        3000   3.3651303965598345E-011   39.279235000000000        39.338678836822510              458         457
        4000   6.1390892369672656E-011   93.117421000000007        93.255731105804443              458         457
        5000   8.2764017861336470E-011   181.71356899999998        181.98960399627686              458         457
        6000   9.5496943686157465E-011   313.72159099999999        314.18542003631592              459         458
        7000   1.2914824765175581E-010   498.35673300000002        499.11865019798279              458         458
        8000   2.2555468603968620E-010   745.63794600000006        746.77833104133606              457         457
        9000   2.2100721253082156E-010   1057.4953380000002        1059.1142189502716              459         458
       10000   2.4374458007514477E-010   1449.8665779999999        1452.1080000400543              459         459
