Total Mega-FLOPs: 0.24
         100   2.8421709430404007E-014   5.7799999999999995E-004   5.8078765869140625E-004        1153        1147
Total Mega-FLOPs: 5
         500   1.1368683772161603E-013   8.8190000000000004E-003   8.8629722595214844E-003        9449        9402
Total Mega-FLOPs: 18
        1000   3.4106051316484809E-013   2.9143999999999996E-002   2.9219150543212891E-002       22874       22816
Total Mega-FLOPs: 40.5
        1500   4.5474735088646412E-013   6.2949000000000005E-002   6.3066959381103516E-002       35743       35676
Total Mega-FLOPs: 64
        2000   6.8212102632969618E-013   9.8876000000000019E-002   9.9036931991577148E-002       53939       53851
Total Mega-FLOPs: 144
        3000   9.0949470177292824E-013  0.22200699999999998       0.22232699394226074            81078       80961
Total Mega-FLOPs: 256
        4000   1.3642420526593924E-012  0.39465300000000003       0.39524006843566895           108111      107951
Total Mega-FLOPs: 350
        5000   1.8189894035458565E-012  0.53987099999999999       0.54065704345703125           154357      154133
Total Mega-FLOPs: 504
        6000   2.7284841053187847E-012  0.77678699999999989       0.77803897857666016           185379      185080
Total Mega-FLOPs: 686
        7000   1.8189894035458565E-012   1.0575430000000001        1.0591740608215332           216224      215891
Total Mega-FLOPs: 896
        8000   1.8189894035458565E-012   1.3807709999999997        1.3828108310699463           247204      246840
Total Mega-FLOPs: 1134
        9000   3.6379788070917130E-012   1.7481120000000001        1.7507798671722412           278014      277590
Total Mega-FLOPs: 1400
       10000   3.6379788070917130E-012   2.1645820000000002        2.1684370040893555           307988      307441
