         100   8.5265128291212022E-014   1.8380000000000002E-003   1.8448829650878906E-003         362         361
         500   2.0463630789890885E-012  0.18562600000000001       0.18596005439758301              448         448
        1000   7.0485839387401938E-012   1.4461409999999999        1.4482569694519043              460         460
        1500   1.2960299500264227E-011   4.8697220000000003        4.8768370151519775              462         461
        2000   2.3192114895209670E-011   11.603250000000001        11.620666027069092              459         458
        3000   3.4560798667371273E-011   39.284066000000003        39.345927953720093              458         457
        4000   6.6393113229423761E-011   93.132439999999988        93.271698951721191              458         457
        5000   9.7315933089703321E-011   181.80409399999999        182.07869696617126              458         457
        6000   1.1186784831807017E-010   314.52487000000002        315.00764894485474              457         457
        7000   1.2005330063402653E-010   498.14844899999997        498.90762495994568              459         458
        8000   1.8007995095103979E-010   743.71027100000003        744.85822916030884              458         458
        9000   2.1464074961841106E-010   1057.4280959999999        1059.0628149509430              459         458
       10000   2.4556356947869062E-010   1449.6404649999999        1451.8272969722748              459         459
