===== THREADS: 1 =====
Total Mega-FLOPs: 0.66
         100   1.4424017535930034E-012   2.8399999999999996E-004   2.8681755065917969E-004        2347        2324
Total Mega-FLOPs: 54
         500   2.2680524125462398E-011   1.1343000000000001E-002   1.1404991149902344E-002        7346        7306
Total Mega-FLOPs: 402
        1000   6.3664629124104977E-011   7.4535999999999991E-002   7.4718952178955078E-002        8944        8922
Total Mega-FLOPs: 1327.5
        1500   1.1209522199351341E-010  0.31283600000000000       0.31376099586486816             7192        7171
Total Mega-FLOPs: 3112
        2000   1.6439116734545678E-010  0.85551999999999995       0.85731101036071777             6234        6221
Total Mega-FLOPs: 10386
        3000   3.1241143005900085E-010   3.1392709999999995        3.1452510356903076             5733        5722
Total Mega-FLOPs: 24512
        4000   4.8703441279940307E-010   7.8304299999999998        7.8440558910369873             5448        5439
Total Mega-FLOPs: 47800
        5000   6.6984284785576165E-010   15.010423999999999        15.033395051956177             5551        5543
Total Mega-FLOPs: 82512
        6000   8.9312379714101553E-010   26.086918000000001        26.125715017318726             5520        5511
Total Mega-FLOPs: 130928
        7000   1.1414158507250249E-009   41.350171000000003        41.412565231323242             5530        5521
Total Mega-FLOPs: 195456
        8000   1.3887984096072614E-009   61.582357000000002        61.672868967056274             5542        5534
Total Mega-FLOPs: 278316
        9000   1.6616468201391399E-009   88.047697999999997        88.180881977081299             5519        5511
Total Mega-FLOPs: 382000
       10000   1.9135768525302410E-009   120.54209299999999        120.71390199661255             5530        5522
===== THREADS: 2 =====
Total Mega-FLOPs: 0.66
         100   1.3926637620897964E-012   6.3699999999999998E-004   4.0197372436523438E-004        1046        1658
Total Mega-FLOPs: 54.5
         500   1.7109869077103212E-011   1.2861999999999998E-002   6.5200328826904297E-003        6479       12781
Total Mega-FLOPs: 404
        1000   5.5820237321313471E-011   8.0144999999999994E-002   4.0972948074340820E-002        8318       16270
Total Mega-FLOPs: 1327.5
        1500   1.1095835361629725E-010  0.34151099999999995       0.17354393005371094             6588       12965
Total Mega-FLOPs: 3112
        2000   1.6643753042444587E-010  0.86461599999999994       0.43731904029846191             6168       12195
Total Mega-FLOPs: 10386
        3000   3.1354829843621701E-010   3.3930870000000000        1.7071471214294434             5304       10543
Total Mega-FLOPs: 24512
        4000   4.8112269723787904E-010   8.0538199999999982        4.0743649005889893             5297       10471
Total Mega-FLOPs: 47800
        5000   6.7757355282083154E-010   16.380571000000000        8.2950398921966553             5087       10046
Total Mega-FLOPs: 82512
        6000   8.9221430243924260E-010   28.323979999999999        14.333765029907227             5084       10046
Total Mega-FLOPs: 130928
        7000   1.1377778719179332E-009   43.804116999999998        22.026706933975220             5220       10381
Total Mega-FLOPs: 195456
        8000   1.3869794202037156E-009   67.669067999999996        34.221958875656128             5044        9974
Total Mega-FLOPs: 278316
        9000   1.6652847989462316E-009   95.395240999999999        47.938506841659546             5094       10137
Total Mega-FLOPs: 382000
       10000   1.9263097783550620E-009   132.66006700000000        67.052329063415527             5025        9942
===== THREADS: 4 =====
Total Mega-FLOPs: 0.66
         100   1.4068746168049984E-012   1.3630000000000001E-003   5.2213668823242188E-004         489        1276
Total Mega-FLOPs: 54
         500   2.2907897800905630E-011   9.0696999999999986E-002   2.3123025894165039E-002         918        3603
Total Mega-FLOPs: 404
        1000   5.4114934755489230E-011   9.6169000000000004E-002   2.5192022323608398E-002        6932       26463
Total Mega-FLOPs: 1327.5
        1500   1.1027623258996755E-010  0.36099599999999998        9.4072103500366211E-002        6232       23917
Total Mega-FLOPs: 3112
        2000   1.6461854102090001E-010   1.0107459999999999       0.26131415367126465             5276       20409
Total Mega-FLOPs: 10386
        3000   3.1377567211166024E-010   4.0516459999999999        1.0477619171142578             4442       17179
Total Mega-FLOPs: 24512
        4000   4.8589754442218691E-010   10.311340000000000        2.6318540573120117             4137       16211
Total Mega-FLOPs: 47800
        5000   6.7211658461019397E-010   20.773911999999999        5.2526509761810303             4011       15865
Total Mega-FLOPs: 82512
        6000   8.8584783952683210E-010   36.328025000000004        9.1658489704132080             3963       15710
Total Mega-FLOPs: 130928
        7000   1.1423253454267979E-009   58.516852000000000        14.739386081695557             3907       15513
Total Mega-FLOPs: 195456
        8000   1.3865246728528291E-009   89.757080999999999        22.618905782699585             3802       15090
Total Mega-FLOPs: 278478
        9000   1.6307240002788603E-009   126.39329799999999        31.826714038848877             3845       15270
Total Mega-FLOPs: 382000
       10000   1.9281287677586079E-009   173.82351000000000        43.711552143096924             3835       15251
===== THREADS: 8 =====
Total Mega-FLOPs: 0.66
         100   1.3358203432289883E-012   5.5429999999999993E-003   1.0578632354736328E-003         120         630
Total Mega-FLOPs: 54.5
         500   1.7223555914824829E-011  0.26407600000000003        3.3966064453125000E-002         315        2453
Total Mega-FLOPs: 404
        1000   5.4342308430932462E-011  0.12870499999999999        1.6755104064941406E-002        5179       39788
Total Mega-FLOPs: 1327.5
        1500   1.0754774848464876E-010  0.40198600000000001        5.2679061889648438E-002        5597       42711
Total Mega-FLOPs: 3112
        2000   1.6234480426646769E-010   1.5664540000000000       0.21274185180664062             3404       25069
Total Mega-FLOPs: 10386
        3000   3.1627678254153579E-010   7.5667679999999997       0.98374295234680176             2378       18297
Total Mega-FLOPs: 24512
        4000   4.8385118134319782E-010   19.761032000000000        2.5222380161285400             2159       16916
Total Mega-FLOPs: 47800
        5000   6.7620931076817214E-010   39.871046000000000        5.0965380668640137             2090       16350
Total Mega-FLOPs: 82512
        6000   8.8357410277239978E-010   70.302970999999985        8.9437119960784912             2048       16100
Total Mega-FLOPs: 130928
        7000   1.1459633242338896E-009   112.97016700000000        14.318224906921387             2024       15970
Total Mega-FLOPs: 195456
        8000   1.3906173990108073E-009   170.20824099999999        21.539555072784424             2005       15846
Total Mega-FLOPs: 278316
        9000   1.6552803572267294E-009   243.38281299999997        30.736726999282837             1996       15811
Total Mega-FLOPs: 382000
       10000   1.9272192730568349E-009   335.07377100000002        42.316169977188110             1989       15754
===== THREADS: 10 =====
Total Mega-FLOPs: 0.66
         100   1.0969003483296547E-012   7.2439999999999996E-003   1.1730194091796875E-003          92         568
Total Mega-FLOPs: 54
         500   2.2225776774575934E-011  0.30092099999999999        3.1273841857910156E-002         276        2664
Total Mega-FLOPs: 404
        1000   5.5592863645870239E-011  0.63846700000000001        6.5187931060791016E-002        1044       10226
Total Mega-FLOPs: 1327.5
        1500   1.0936673788819462E-010  0.47223500000000002        4.9209117889404297E-002        4764       45723
Total Mega-FLOPs: 3112
        2000   1.6689227777533233E-010   1.8385150000000001       0.20157003402709961             2900       26458
Total Mega-FLOPs: 10386
        3000   3.1786839826963842E-010   9.4254280000000001       0.98360300064086914             1909       18300
Total Mega-FLOPs: 24512
        4000   4.8203219193965197E-010   24.641989999999996        2.5401229858398438             1731       16797
Total Mega-FLOPs: 47800
        5000   6.6938810050487518E-010   50.009633999999998        5.0797610282897949             1666       16404
Total Mega-FLOPs: 82512
        6000   8.8220986071974039E-010   88.494917000000001        8.9645681381225586             1627       16063
Total Mega-FLOPs: 130928
        7000   1.1432348401285708E-009   141.96878599999999        14.351594924926758             1610       15933
Total Mega-FLOPs: 195456
        8000   1.3851604308001697E-009   213.63545499999998        21.569185018539429             1597       15825
Total Mega-FLOPs: 278478
        9000   1.6289050108753145E-009   305.70820199999997        30.809328079223633             1589       15774
Total Mega-FLOPs: 382000
       10000   1.9163053366355598E-009   420.48182900000000        42.415941953659058             1585       15717
===== THREADS: 16 =====
Total Mega-FLOPs: 0.66
         100   1.2434497875801753E-012   1.2400999999999999E-002   1.7108917236328125E-003          53         389
Total Mega-FLOPs: 54
         500   2.1884716261411086E-011  0.26081199999999999        1.8272161483764648E-002         319        4560
Total Mega-FLOPs: 404
        1000   5.3546500566881150E-011  0.55084699999999998        3.6515951156616211E-002        1210       18256
Total Mega-FLOPs: 1327.5
        1500   1.1027623258996755E-010  0.64396299999999995        4.9177885055541992E-002        3493       45752
Total Mega-FLOPs: 3112
        2000   1.6711965145077556E-010   2.5565180000000001       0.19408297538757324             2086       27479
Total Mega-FLOPs: 10386
        3000   3.1650415621697903E-010   13.976345999999999       0.98932194709777832             1287       18194
Total Mega-FLOPs: 24512
        4000   4.8498804972041398E-010   36.525081999999998        2.5974478721618652             1168       16426
Total Mega-FLOPs: 47800
        5000   6.7484506871551275E-010   73.720893999999987        5.2044270038604736             1130       16012
Total Mega-FLOPs: 82512
        6000   8.8175511336885393E-010   129.45634400000000        9.0521740913391113             1112       15907
Total Mega-FLOPs: 130928
        7000   1.1459633242338896E-009   207.88189499999999        14.487776041030884             1099       15783
Total Mega-FLOPs: 195456
        8000   1.3824319466948509E-009   311.84769799999998        21.670766115188599             1094       15750
Total Mega-FLOPs: 278316
        9000   1.6552803572267294E-009   446.37558500000000        31.024682998657227             1088       15664
Total Mega-FLOPs: 382000
       10000   1.9363142200745642E-009   615.09890399999995        42.628506898880005             1083       15638
===== THREADS: 20 =====
Total Mega-FLOPs: 0.66
         100   1.2931877790833823E-012   1.5792999999999998E-002   2.0809173583984375E-003          42         320
Total Mega-FLOPs: 54.5
         500   1.6541434888495132E-011  0.23285300000000000        1.4280080795288086E-002         357        5835
Total Mega-FLOPs: 404
        1000   5.5024429457262158E-011  0.29260900000000001        1.7431020736694336E-002        2278       38245
Total Mega-FLOPs: 1327.5
        1500   1.1277734301984310E-010  0.94335400000000003        5.2521944046020508E-002        2385       42839
Total Mega-FLOPs: 3112
        2000   1.6552803572267294E-010   3.8033449999999998       0.20210886001586914             1402       26388
Total Mega-FLOPs: 10386
        3000   3.1695890356786549E-010   19.216414000000000       0.99421787261962891              936       18104
Total Mega-FLOPs: 24512
        4000   4.8476067604497075E-010   49.501955999999993        2.5262720584869385              861       16889
Total Mega-FLOPs: 47800
        5000   6.7211658461019397E-010   101.22464199999999        5.1466081142425537              823       16191
Total Mega-FLOPs: 82512
        6000   8.8766682893037796E-010   177.70161500000000        9.0174829959869385              810       15968
Total Mega-FLOPs: 130928
        7000   1.1441443348303437E-009   283.96462599999995        14.392602205276489              805       15887
Total Mega-FLOPs: 195456
        8000   1.3787939678877592E-009   428.52211799999998        21.664115905761719              796       15755
Total Mega-FLOPs: 278316
        9000   1.6589183360338211E-009   611.07323099999996        30.930383920669556              795       15712
Total Mega-FLOPs: 382000
       10000   1.9308572518639266E-009   841.11849099999995        42.582528114318848              792       15655
