===== THREADS: 1 =====
         100   1.7259083051612834E-011   3.1600000000000031E-004   3.1900405883789062E-004        2109        2089
         500   4.0864733819034882E-010   1.8782000000000000E-002   1.8860101699829102E-002        4436        4418
        1000   2.6532234187470749E-009  0.14516199999999999       0.14551591873168945             4592        4581
        1500   4.9806203605839983E-009  0.49567200000000000       0.49701809883117676             4539        4526
        2000   2.6852831069845706E-009   1.4877959999999999        1.4915030002593994             3584        3575
        3000   7.8442099038511515E-008   5.8605939999999999        5.8720200061798096             3071        3065
        4000   1.0776858516692300E-008   15.363437999999999        15.392615079879761             2777        2771
        5000   5.8838622862822376E-008   30.504498999999999        30.557159900665283             2731        2727
        6000   9.3990820460021496E-008   53.868544999999997        53.957253932952881             2673        2668
        7000   1.5602245184709318E-007   86.397483000000008        86.539818048477173             2646        2642
        8000   2.1283267415128648E-007   132.16798799999998        132.38368201255798             2582        2578
        9000   2.1987216314300895E-007   188.01819900000001        188.32165694236755             2584        2580
       10000   1.8922492017736658E-007   256.37227999999999        256.78836703300476             2600        2596
===== THREADS: 2 =====
         100   3.5853986446454655E-011   9.0299999999999972E-004   4.8494338989257812E-004         738        1374
         500   2.6877700065597310E-010   2.1014999999999999E-002   1.0845184326171875E-002        3965        7683
        1000   4.2916781239910051E-010  0.15435900000000000        7.7461004257202148E-002        4318        8606
        1500   2.3027041606837884E-008  0.57332499999999997       0.28782510757446289             3924        7817
        2000   1.6991634765872732E-008   1.8729469999999999       0.94001793861389160             2847        5673
        3000   7.9685378295835108E-009   8.9740279999999988        4.4987599849700928             2005        4001
        4000   2.5798982505875756E-008   24.425239999999999        12.242658138275146             1746        3485
        5000   2.8773229132639244E-008   50.224468999999999        25.169433832168579             1659        3310
        6000   7.6056267062085681E-008   90.099378999999999        45.150412082672119             1598        3189
        7000   6.4325831772293895E-008   145.03591600000001        72.678861856460571             1576        3146
        8000   2.4060177565843333E-006   218.34988700000000        109.44864296913147             1563        3118
        9000   1.3069620763417333E-007   314.38343900000001        157.52124595642090             1545        3085
       10000   1.4584765040126513E-007   429.57033999999993        215.24713897705078             1551        3097
===== THREADS: 4 =====
         100   4.8885340220294893E-012   1.2309999999999995E-003   5.8794021606445312E-004         541        1133
         500   1.7436718735552859E-010   2.5917000000000003E-002   7.1980953216552734E-003        3215       11577
        1000   2.7671376301441342E-009  0.17517900000000000        4.4059991836547852E-002        3805       15130
        1500   4.6750983528909273E-008  0.66609699999999994       0.16750693321228027             3377       13432
        2000   5.5545115174027160E-009   2.8295709999999996       0.71124887466430664             1884        7498
        3000   1.6985268302960321E-008   15.251269000000001        3.8277940750122070             1180        4702
        4000   1.4521447155857459E-008   42.895122999999998        10.766644001007080              994        3962
        5000   7.1348210894939257E-008   89.098997999999995        22.361710071563721              935        3726
        6000   8.2847236626548693E-007   161.27490800000001        40.482317924499512              892        3557
        7000   2.5380722945556045E-007   262.36034899999999        65.850975036621094              871        3472
        8000   2.2526452880811121E-007   404.39539900000000        101.56007003784180              844        3360
        9000   2.1608936890515906E-005   580.83001600000000        145.77072596549988              836        3334
       10000   8.3492705016396940E-007   792.82893299999989        199.01734495162964              840        3349
===== THREADS: 8 =====
         100   1.1510792319313623E-012   7.6999999999999985E-004   7.7295303344726562E-004         865         862
         500   6.8695271693286486E-011   3.9183999999999997E-002   5.7671070098876953E-003        2126       14449
        1000   2.5845565687632188E-009  0.20130999999999999        2.6201963424682617E-002        3311       25443
        1500   1.4854151686449768E-008  0.72209199999999996        9.1125965118408203E-002        3115       24691
        2000   5.1550159696489573E-009   4.0333790000000000       0.50853109359741211             1322       10487
        3000   1.7452521205996163E-008   28.950167999999998        3.6432731151580811              621        4940
        4000   1.6103513189591467E-008   84.390325999999988        10.620281934738159              505        4017
        5000   2.0334979922154162E-008   177.63301200000001        22.352942943572998              469        3728
        6000   7.3394403443671763E-008   324.16471899999999        40.804172039031982              444        3529
        7000   1.3537373888539150E-007   527.14520200000004        66.346184015274048              433        3446
        8000   3.5397715691942722E-007   816.50774699999999        102.82590198516846              418        3319
        9000   1.4099177860771306E-006   1164.3444379999999        146.52847290039062              417        3316
       10000   4.8190622692345642E-007   1590.1185979999998        200.11603808403015              419        3331
===== THREADS: 10 =====
         100   3.0577318455016211E-011   4.4719999999999994E-003   7.7795982360839844E-004         149         856
         500   6.9917405198793858E-011   5.1323000000000001E-002   5.5849552154541016E-003        1623       14921
        1000   4.6622972149634734E-010  0.22217400000000001        2.3295164108276367E-002        3000       28618
        1500   1.2000782589893788E-009  0.77884199999999992        7.8795909881591797E-002        2888       28554
        2000   8.5312876763055101E-009   4.2939859999999994       0.43426394462585449             1242       12281
        3000   1.9423396224738099E-008   35.249175999999999        3.5540797710418701              510        5064
        4000   2.0461129679461010E-008   106.51982099999999        10.740915060043335              400        3972
        5000   4.0638951759319752E-008   224.45125099999998        22.630502939224243              371        3682
        6000   4.7354660637211055E-008   411.73417599999999        41.518522024154663              349        3468
        7000   1.3856606528861448E-007   670.91073699999993        67.646378993988037              340        3380
        8000   1.1983911463175900E-007   1040.3553310000000        104.96393799781799              328        3251
        9000   3.5328793046573992E-007   1480.9918419999999        149.31656002998352              328        3254
       10000   2.6974976208293810E-007   2031.7124640000000        204.87358999252319              328        3254
===== THREADS: 16 =====
         100   2.4198421044729912E-012   1.8080000000000006E-003   1.0499954223632812E-003         368         634
         500   2.8728663892252371E-010   9.0010999999999994E-002   6.5481662750244141E-003         925       12726
        1000   3.8741916341678007E-009  0.41901400000000000        2.6958942413330078E-002        1591       24728
        1500   1.1214069672860205E-009   1.3680039999999998        8.6357116699218750E-002        1644       26054
        2000   1.7642292959862971E-007   6.6107160000000000       0.41795802116394043              806       12760
        3000   2.7898295229533687E-008   57.985682999999995        3.6588399410247803              310        4919
        4000   2.7256646717432886E-008   171.33259000000001        10.806678056716919              249        3948
        5000   1.9410362028793315E-007   367.65238799999997        23.183809995651245              226        3594
        6000   1.6133435565279797E-007   672.32135799999992        42.395352125167847              214        3396
        7000   6.9650525347242365E-008   1099.4501639999999        69.328697919845581              207        3298
        8000   3.9987298805499449E-008   1680.9828520000001        106.06325197219849              203        3218
        9000   6.7624841904034838E-007   2419.3180109999998        152.62158584594727              200        3184
       10000   1.0083349479828030E-006   3312.0131390000001        209.93036103248596              201        3175
===== THREADS: 20 =====
         100   2.2950530365051236E-012   2.5819999999999997E-003   1.2011528015136719E-003         258         555
         500   9.5440100267296657E-011  0.12024999999999998        6.9119930267333984E-003         693       12056
        1000   4.8195403223871836E-010  0.48251999999999995        2.5038957595825195E-002        1381       26625
        1500   6.3571974351361860E-009   1.6091719999999998        8.1907033920288086E-002        1398       27470
        2000   1.9878598322975449E-008   8.5381949999999982       0.43321299552917480              624       12311
        3000   6.7317159846425056E-008   71.739937999999995        3.6276710033416748              250        4961
        4000   2.7966052584815770E-008   221.42437799999999        11.206871032714844              192        3807
        5000   4.0938346046459628E-008   467.14443100000000        23.627784013748169              178        3526
        6000   2.4989708435896318E-007   852.91119900000001        43.151741981506348              168        3337
        7000   2.9194234230089933E-007   1396.0786089999999        70.606716156005859              163        3238
        8000   3.6931737668055575E-007   2130.0876749999998        107.76836299896240              160        3167
        9000   2.8602698876056820E-007   3067.6922159999999        155.16735482215881              158        3132
       10000   2.6117140805581585E-007   4234.7211539999998        214.19168519973755              157        3112
