===== THREADS: 1 =====
         100   1.1368683772161603E-013   2.9799999999999965E-004   3.0398368835449219E-004        2237        2193
         500   1.8189894035458565E-012   1.7441999999999999E-002   1.7513990402221680E-002        4777        4758
        1000   5.5706550483591855E-012  0.13668700000000000       0.13702917098999023             4877        4865
        1500   1.2732925824820995E-011  0.49134000000000000       0.49257397651672363             4579        4567
        2000   2.0691004465334117E-011   1.4644339999999998        1.4678649902343750             3641        3633
        3000   3.8653524825349450E-011   5.9665309999999998        5.9785921573638916             3016        3010
        4000   6.0026650317013264E-011   15.249628000000000        15.278466224670410             2797        2792
        5000   8.3673512563109398E-011   31.082303999999997        31.137646913528442             2681        2676
        6000   1.0822986951097846E-010   53.982021999999994        54.072652816772461             2667        2663
        7000   1.3278622645884752E-010   87.807366000000002        87.961498975753784             2604        2599
        8000   1.8371792975813150E-010   132.04211200000000        132.27074694633484             2585        2580
        9000   2.5647750589996576E-010   190.10026799999997        190.43973016738892             2556        2551
       10000   2.6011548470705748E-010   260.50587300000001        260.96211695671082             2559        2554
===== THREADS: 2 =====
         100   1.5631940186722204E-013   3.5499999999999985E-004   3.5691261291503906E-004        1877        1867
         500   1.8189894035458565E-012   1.8002000000000001E-002   9.3300342559814453E-003        4629        8931
        1000   7.3896444519050419E-012  0.15132599999999999        7.6555967330932617E-002        4405        8708
        1500   9.3223206931725144E-012  0.55922600000000000       0.28120708465576172             4023        8001
        2000   2.3646862246096134E-011   1.8631259999999998       0.93615984916687012             2862        5697
        3000   3.7744030123576522E-011   8.9212349999999994        4.4751300811767578             2017        4022
        4000   6.9576344685629010E-011   24.050844999999999        12.062056064605713             1774        3537
        5000   1.0095391189679503E-010   50.198354999999999        25.169825077056885             1660        3310
        6000   1.0459189070388675E-010   89.322128000000006        44.785115003585815             1612        3215
        7000   1.2823875294998288E-010   144.96969700000000        72.676625013351440             1577        3146
        8000   1.9372237147763371E-010   216.63557499999999        108.65023398399353             1575        3141
        9000   2.5647750589996576E-010   312.90380099999999        156.82026386260986             1553        3099
       10000   2.6921043172478676E-010   426.59210400000001        213.84602999687195             1562        3117
===== THREADS: 4 =====
         100   1.2789769243681803E-013   4.3300000000000022E-004   4.3582916259765625E-004        1539        1529
         500   1.8758328224066645E-012   2.1857999999999995E-002   5.8140754699707031E-003        3812       14333
        1000   8.1854523159563541E-012  0.15192999999999998        3.9164066314697266E-002        4387       17022
        1500   1.0459189070388675E-011  0.57205399999999995       0.14486718177795410             3933       15531
        2000   2.0008883439004421E-011   2.7259319999999998       0.68694591522216797             1956        7763
        3000   3.0013325158506632E-011   15.048427000000000        3.7806711196899414             1196        4761
        4000   6.4119376474991441E-011   42.302241000000002        10.626418828964233             1008        4015
        5000   9.0039975475519896E-011   88.341340999999986        22.184556961059570              943        3756
        6000   1.0641088010743260E-010   159.88827099999997        40.155590057373047              900        3586
        7000   1.3278622645884752E-010   260.56385800000004        65.426327943801880              877        3495
        8000   1.9826984498649836E-010   401.38365500000003        100.84217000007629              850        3384
        9000   2.3101165425032377E-010   577.65399700000000        145.02559399604797              841        3351
       10000   2.5647750589996576E-010   789.85760100000005        198.31628680229187              844        3361
===== THREADS: 8 =====
         100   1.5631940186722204E-013   6.5699999999999960E-004   6.5994262695312500E-004        1014        1010
         500   2.2168933355715126E-012   3.3044999999999998E-002   4.4820308685302734E-003        2521       18592
        1000   6.0254023992456496E-012  0.15876499999999999        2.0738124847412109E-002        4199       32146
        1500   1.0004441719502211E-011  0.61271300000000006        7.8387975692749023E-002        3672       28703
        2000   2.2737367544323206E-011   3.8786109999999998       0.49107193946838379             1375       10860
        3000   3.3651303965598345E-011   28.428905000000000        3.5827338695526123              633        5024
        4000   6.6393113229423761E-011   83.374152999999993        10.500301122665405              511        4063
        5000   7.9126039054244757E-011   176.61895400000000        22.238379955291748              471        3747
        6000   1.1186784831807017E-010   322.39496400000002        40.603334903717041              446        3546
        7000   1.1550582712516189E-010   524.98822199999995        66.097146034240723              435        3459
        8000   2.2009771782904863E-010   810.44581799999992        102.11067390441895              421        3342
        9000   2.2919266484677792E-010   1160.8216020000000        146.15074396133423              418        3325
       10000   2.5102053768932819E-010   1610.6268829999999        202.81528210639954              413        3287
===== THREADS: 10 =====
         100   1.1368683772161603E-013   6.9699999999999970E-004   6.9999694824218750E-004         956         952
         500   2.0463630789890885E-012   3.3820000000000003E-002   4.3439865112304688E-003        2464       19183
        1000   7.2759576141834259E-012  0.16621500000000000        1.8032073974609375E-002        4010       36971
        1500   9.7770680440589786E-012  0.65109200000000000        6.6631078720092773E-002        3455       33768
        2000   1.8872015061788261E-011   4.1632730000000002       0.42274498939514160             1281       12615
        3000   3.5470293369144201E-011   34.902411999999998        3.5239341259002686              515        5107
        4000   6.4119376474991441E-011   105.73378999999998        10.668558120727539              403        3999
        5000   8.2764017861336470E-011   225.60453000000001        22.762809038162231              369        3660
        6000   9.6406438387930393E-011   408.74460799999997        41.251899003982544              352        3490
        7000   1.1732481652870774E-010   666.84352600000000        67.273227930068970              342        3399
        8000   2.0554580260068178E-010   1027.7881140000000        103.74988603591919              332        3289
        9000   1.8371792975813150E-010   1476.1110769999998        148.89755511283875              329        3263
       10000   2.2737367544323206E-010   2022.1611330000001        204.00763320922852              329        3267
===== THREADS: 16 =====
         100   1.1368683772161603E-013   1.0305999999999999E-002   9.7298622131347656E-004          64         685
         500   1.5916157281026244E-012   7.0586999999999997E-002   5.2108764648437500E-003        1180       15992
        1000   6.1390892369672656E-012  0.32580199999999998        2.1605968475341797E-002        2046       30855
        1500   1.0459189070388675E-011   1.1437149999999998        7.3451042175292969E-002        1967       30632
        2000   2.0918378140777349E-011   6.3303380000000002       0.40223479270935059              842       13259
        3000   3.8198777474462986E-011   56.842006999999995        3.5904610157012939              316        5013
        4000   6.9121597334742546E-011   168.40049700000000        10.632458925247192              253        4012
        5000   1.1732481652870774E-010   366.79035599999997        23.150456905364990              227        3599
        6000   1.0459189070388675E-010   668.58283699999993        42.189862012863159              215        3413
        7000   1.4279066817834973E-010   1098.1507230000000        69.285358905792236              208        3300
        8000   2.0827428670600057E-010   1670.7189960000001        105.46261906623840              204        3236
        9000   2.4829205358400941E-010   2410.4247159999995        152.12190485000610              201        3194
       10000   2.4738255888223648E-010   3294.7286909999998        208.95106911659241              202        3190
===== THREADS: 20 =====
         100   1.8474111129762605E-013   2.4219999999999997E-003   1.1229515075683594E-003         275         593
         500   1.6484591469634324E-012   9.0004000000000001E-002   5.3668022155761719E-003         925       15527
        1000   8.1854523159563541E-012  0.36882900000000002        1.9598007202148438E-002        1807       34017
        1500   1.0231815394945443E-011   1.3437679999999999        6.9372892379760742E-002        1674       32433
        2000   2.4556356947869062E-011   8.0930020000000003       0.41280794143676758              659       12919
        3000   3.5925040720030665E-011   70.531387999999993        3.5736949443817139              255        5036
        4000   6.5938365878537297E-011   218.14006400000000        11.048779010772705              195        3861
        5000   1.1459633242338896E-010   465.94884600000000        23.591289043426514              178        3532
        6000   1.3187673175707459E-010   852.39508499999988        43.158179998397827              168        3336
        7000   1.2914824765175581E-010   1392.1596119999999        70.453711032867432              164        3245
        8000   2.3101165425032377E-010   2119.7456910000001        107.30632305145264              161        3180
        9000   2.1645973902195692E-010   3054.6609429999999        154.55571913719177              159        3144
       10000   2.3464963305741549E-010   4218.6765710000000        213.45886397361755              158        3123
