===== THREADS: 1 =====
         100   9.9475983006414026E-014   3.2899999999999987E-004   3.2591819763183594E-004        2026        2045
         500   1.8189894035458565E-012   1.7689000000000000E-002   1.7726898193359375E-002        4711        4700
        1000   7.2759576141834259E-012  0.14110199999999998       0.14147901535034180             4724        4712
        1500   1.2505552149377763E-011  0.49384099999999997       0.49512696266174316             4556        4544
        2000   2.4101609596982598E-011   1.4654939999999999        1.4693200588226318             3639        3629
        3000   3.3196556614711881E-011   5.8389359999999995        5.8505339622497559             3082        3076
        4000   7.1395334089174867E-011   15.214656000000000        15.245106935501099             2804        2798
        5000   8.7311491370201111E-011   30.894290000000002        30.953688144683838             2697        2692
        6000   1.1459633242338896E-010   54.006121999999998        54.097479820251465             2666        2661
        7000   1.2551026884466410E-010   86.401579999999996        86.544561147689819             2646        2642
        8000   2.0463630789890885E-010   132.17729600000001        132.39760899543762             2582        2578
        9000   1.9463186617940664E-010   188.45033199999997        188.76275086402893             2578        2574
       10000   2.7284841053187847E-010   256.43025399999999        256.84297800064087             2599        2595
===== THREADS: 2 =====
         100   1.5631940186722204E-013   1.1710000000000002E-003   8.6712837219238281E-004         569         768
         500   2.1032064978498966E-012   4.6655999999999996E-002   2.5744915008544922E-002        1786        3236
        1000   6.1390892369672656E-012  0.19270799999999999       0.10172390937805176             3459        6553
        1500   1.0913936421275139E-011  0.58072999999999997       0.29683899879455566             3874        7579
        2000   2.1827872842550278E-011   1.8975480000000000       0.97025108337402344             2810        5496
        3000   3.4560798667371273E-011   8.8542400000000008        4.4601449966430664             2032        4035
        4000   7.7307049650698900E-011   23.426877000000001        11.805440902709961             1821        3614
        5000   7.9126039054244757E-011   48.168053000000000        24.188747167587280             1730        3445
        6000   1.0004441719502211E-010   84.851767999999993        42.632386922836304             1697        3377
        7000   1.4279066817834973E-010   137.91208200000000        69.193545103073120             1658        3304
        8000   1.8917489796876907E-010   207.30014299999999        104.07247710227966             1646        3279
        9000   2.1827872842550278E-010   297.99624499999999        149.48439812660217             1630        3251
       10000   2.2009771782904863E-010   410.14621099999999        205.84538507461548             1625        3238
===== THREADS: 4 =====
         100   1.4210854715202004E-013   2.2880000000000001E-003   9.8776817321777344E-004         291         674
         500   2.0463630789890885E-012   5.6711999999999992E-002   1.6582965850830078E-002        1469        5025
        1000   6.5938365878537297E-012  0.27178000000000002        7.3208093643188477E-002        2452        9106
        1500   1.0231815394945443E-011  0.68686399999999992       0.18089604377746582             3275       12438
        2000   2.3874235921539366E-011   2.8619619999999997       0.74314594268798828             1863        7176
        3000   3.3196556614711881E-011   14.113715000000001        3.6181159019470215             1275        4974
        4000   6.3209881773218513E-011   41.099431000000003        10.433264970779419             1038        4089
        5000   8.2764017861336470E-011   81.102868000000001        20.538367986679077             1027        4057
        6000   1.0186340659856796E-010   150.28639600000000        37.980278015136719              958        3791
        7000   1.2187229003757238E-010   238.88561400000000        60.211717844009399              957        3797
        8000   2.0281731849536300E-010   359.10329199999995        90.710065841674805              950        3762
        9000   2.0372681319713593E-010   516.94691499999999        130.28654003143311              940        3730
       10000   2.3828761186450720E-010   712.91069800000002        179.57380819320679              935        3712
===== THREADS: 8 =====
         100   1.7053025658242404E-013   4.2379999999999996E-003   1.2071132659912109E-003         157         552
         500   1.8758328224066645E-012   6.9008000000000000E-002   1.1635065078735352E-002        1207        7162
        1000   7.8443918027915061E-012  0.39083699999999999        5.5665969848632812E-002        1705       11976
        1500   1.0004441719502211E-011  0.91159900000000005       0.12668299674987793             2468       17760
        2000   2.0236257114447653E-011   4.0610429999999997       0.53959703445434570             1313        9883
        3000   3.1832314562052488E-011   28.023985000000000        3.5954120159149170              642        5006
        4000   6.4119376474991441E-011   80.001686999999990        10.197529077529907              533        4184
        5000   1.0550138540565968E-010   170.71390200000002        21.638457775115967              488        3851
        6000   1.2460077414289117E-010   307.52305899999999        38.915094137191772              468        3700
        7000   1.2005330063402653E-010   501.82988699999999        63.410228013992310              455        3606
        8000   1.7098500393331051E-010   754.83322299999998        95.702672958374023              452        3566
        9000   2.2009771782904863E-010   1092.9646270000001        138.07123589515686              444        3519
       10000   2.4738255888223648E-010   1511.6580810000000        190.70855402946472              441        3495
===== THREADS: 10 =====
         100   1.7053025658242404E-013   5.1190000000000003E-003   1.3899803161621094E-003         130         479
         500   2.5579538487363607E-012   7.5108999999999995E-002   1.1083126068115234E-002        1109        7518
        1000   6.1390892369672656E-012  0.42385099999999998        5.0224065780639648E-002        1572       13273
        1500   1.1141310096718371E-011   1.0659419999999999       0.11905002593994141             2110       18899
        2000   1.7735146684572101E-011   4.4214650000000004       0.51292800903320312             1206       10397
        3000   3.2741809263825417E-011   34.408068000000000        3.5354480743408203              523        5091
        4000   7.9126039054244757E-011   100.89368399999999        10.287198066711426              422        4147
        5000   8.2764017861336470E-011   216.28820899999999        21.987157106399536              385        3790
        6000   1.1459633242338896E-010   391.92252800000000        39.823649168014526              367        3615
        7000   1.2732925824820995E-010   646.52599099999998        65.525637149810791              353        3489
        8000   2.1827872842550278E-010   963.91703600000005        97.730312108993530              354        3492
        9000   2.1100277081131935E-010   1386.5134120000000        140.27605009078979              350        3464
       10000   2.2373569663614035E-010   1919.9697440000000        194.25634098052979              347        3431
===== THREADS: 16 =====
         100   8.5265128291212022E-014   9.4159999999999990E-003   2.1979808807373047E-003          70         303
         500   1.8189894035458565E-012  0.11459699999999999        1.3310194015502930E-002         727        6260
        1000   7.0485839387401938E-012  0.62914499999999995        5.4765939712524414E-002        1059       12173
        1500   9.5496943686157465E-012   1.4719370000000001       0.12662196159362793             1528       17769
        2000   2.4328983272425830E-011   6.3587479999999994       0.48026084899902344              838       11105
        3000   3.2741809263825417E-011   50.789397000000001        3.6484627723693848              354        4933
        4000   5.8207660913467407E-011   150.33093899999997        10.704962968826294              283        3985
        5000   8.9130480773746967E-011   321.70019500000001        22.761517047882080              259        3661
        6000   9.2768459580838680E-011   584.23834099999999        41.194015979766846              246        3495
        7000   1.1732481652870774E-010   945.84127899999999        66.462700843811035              241        3440
        8000   1.8917489796876907E-010   1451.0755720000000        101.85720586776733              235        3351
        9000   2.0554580260068178E-010   2081.9180159999996        145.98380899429321              233        3329
       10000   2.4920154828578234E-010   2861.0386629999998        200.21866512298584              233        3329
===== THREADS: 20 =====
         100   1.4210854715202004E-013   1.1851000000000000E-002   2.5808811187744141E-003          56         258
         500   2.2168933355715126E-012  0.12804800000000000        1.3793945312500000E-002         650        6041
        1000   5.5706550483591855E-012  0.67828599999999994        5.0310850143432617E-002         982       13250
        1500   9.3223206931725144E-012   1.7072320000000001       0.11632108688354492             1317       19343
        2000   2.3874235921539366E-011   8.2932269999999999       0.46699309349060059              643       11420
        3000   3.2287061912938952E-011   68.819263000000007        3.6298820972442627              261        4958
        4000   5.8662408264353871E-011   205.02644800000002        10.695789098739624              208        3989
        5000   9.8225427791476250E-011   445.06212799999997        22.972502946853638              187        3627
        6000   1.1277734301984310E-010   813.28307900000004        41.731282234191895              177        3450
        7000   1.4097167877480388E-010   1323.8149059999998        67.756496906280518              172        3374
        8000   1.8553691916167736E-010   2015.9232729999999        102.96628403663635              169        3315
        9000   2.0918378140777349E-010   2917.4753679999999        148.83352589607239              166        3265
       10000   2.3283064365386963E-010   4018.9755449999998        204.55305194854736              165        3259
