         100   1.9149126728734700E-012   1.6200000000000025E-004   1.6403198242187500E-004        4115        4064
         500   2.2620127992922789E-010   1.6870000000000000E-002   1.6928911209106445E-002        4939        4922
        1000   8.7047169472498354E-010  0.13385699999999998       0.13408708572387695             4980        4971
        1500   1.7723903056321433E-007  0.49834000000000001       0.49969887733459473             4514        4502
        2000   6.4512732933508232E-009   1.4711429999999999        1.4749619960784912             3625        3615
        3000   1.1191423254786059E-007   5.8098269999999994        5.8220479488372803             3098        3091
        4000   5.6993222585788317E-008   15.337173999999999        15.367387056350708             2781        2776
        5000   2.6965699362335727E-007   30.473863999999999        30.527864933013916             2734        2729
        6000   7.1199337980942801E-008   54.861118999999995        54.960951089859009             2624        2620
        7000   1.5461182556464337E-007   87.362130999999991        87.518569946289062             2617        2612
        8000   9.3376107770382077E-006   132.41806399999999        132.64166998863220             2577        2573
        9000   1.2344207789283246E-007   187.47340999999997        187.78516697883606             2592        2588
       10000   3.5261837183497846E-007   260.81298999999996        261.26303315162659             2556        2551
