===== THREADS: 1 =====
Total Mega-FLOPs: 0.24
         100   9.9475983006414026E-014   2.0899999999999998E-004   2.0599365234375000E-004        3189        3236
Total Mega-FLOPs: 5
         500   2.8421709430404007E-013   1.3509999999999998E-003   1.3508796691894531E-003       61682       61688
Total Mega-FLOPs: 18
        1000   6.8212102632969618E-013   4.0759999999999998E-003   4.0850639343261719E-003      163559      163196
Total Mega-FLOPs: 40.5
        1500   6.8212102632969618E-013   1.1046000000000004E-002   1.1105060577392578E-002      203693      202610
Total Mega-FLOPs: 64
        2000   1.3642420526593924E-012   1.8786999999999998E-002   1.8857002258300781E-002      283884      282830
Total Mega-FLOPs: 144
        3000   1.3642420526593924E-012   4.6814999999999982E-002   4.6929121017456055E-002      384492      383557
Total Mega-FLOPs: 256
        4000   1.3642420526593924E-012   8.2433999999999980E-002   8.2607984542846680E-002      517585      516495
Total Mega-FLOPs: 350
        5000   3.6379788070917130E-012  0.11713399999999999       0.11744785308837891           711435      709534
Total Mega-FLOPs: 504
        6000   4.5474735088646412E-012  0.16462100000000002       0.16491889953613281           874736      873156
Total Mega-FLOPs: 686
        7000   4.5474735088646412E-012  0.23172399999999999       0.23223209381103516           986806      984647
Total Mega-FLOPs: 896
        8000   3.6379788070917130E-012  0.29159199999999996       0.29216098785400391          1170585     1168305
Total Mega-FLOPs: 1134
        9000   5.4569682106375694E-012  0.37282599999999999       0.37349390983581543          1303557     1301226
Total Mega-FLOPs: 1400
       10000   5.4569682106375694E-012  0.47148299999999987       0.47229695320129395          1413978     1411541
===== THREADS: 2 =====
Total Mega-FLOPs: 0.24
         100   7.1054273576010019E-014   4.2500000000000003E-004   2.8109550476074219E-004        1568        2371
Total Mega-FLOPs: 5
         500   2.8421709430404007E-013   1.4909999999999993E-003   8.4209442138671875E-004       55890       98959
Total Mega-FLOPs: 18
        1000   6.8212102632969618E-013   4.3499999999999997E-003   2.3031234741210938E-003      153256      289461
Total Mega-FLOPs: 40.5
        1500   6.8212102632969618E-013   1.1606000000000002E-002   5.9440135955810547E-003      193865      378532
Total Mega-FLOPs: 64
        2000   1.3642420526593924E-012   1.9755000000000002E-002   1.0437011718750000E-002      269973      511001
Total Mega-FLOPs: 144
        3000   1.3642420526593924E-012   4.8843999999999999E-002   2.5416135787963867E-002      368520      708211
Total Mega-FLOPs: 256
        4000   1.3642420526593924E-012   8.7809999999999999E-002   4.5368909835815430E-002      485897      940438
Total Mega-FLOPs: 350
        5000   4.5474735088646412E-012  0.11684500000000000        5.9803009033203125E-002      713195     1393463
Total Mega-FLOPs: 504
        6000   4.5474735088646412E-012  0.17575800000000003        8.8458061218261719E-002      819308     1627890
Total Mega-FLOPs: 686
        7000   4.5474735088646412E-012  0.22735399999999995       0.11496806144714355          1005773     1988958
Total Mega-FLOPs: 896
        8000   3.6379788070917130E-012  0.31619400000000009       0.15948605537414551          1079506     2140208
Total Mega-FLOPs: 1134
        9000   5.4569682106375694E-012  0.39555400000000007       0.19939303398132324          1228656     2437397
Total Mega-FLOPs: 1400
       10000   4.5474735088646412E-012  0.45729000000000009       0.23002195358276367          1457864     2898274
===== THREADS: 4 =====
Total Mega-FLOPs: 0.24
         100   5.6843418860808015E-014   1.0559999999999996E-003   4.6300888061523438E-004         631        1439
Total Mega-FLOPs: 5
         500   2.8421709430404007E-013   5.2169999999999985E-003   1.5699863433837891E-003       15973       53079
Total Mega-FLOPs: 18
        1000   5.6843418860808015E-013   4.9699999999999987E-003   1.5249252319335938E-003      134138      437179
Total Mega-FLOPs: 40.5
        1500   6.8212102632969618E-013   1.2407000000000001E-002   3.5099983215332031E-003      181349      641025
Total Mega-FLOPs: 64
        2000   1.8189894035458565E-012   2.3133999999999995E-002   6.2251091003417969E-003      230540      856745
Total Mega-FLOPs: 144
        3000   1.3642420526593924E-012   5.9792000000000012E-002   1.6001939773559570E-002      301043     1124863
Total Mega-FLOPs: 256
        4000   1.3642420526593924E-012  0.11315000000000003        2.9969930648803711E-002      377080     1423649
Total Mega-FLOPs: 350
        5000   4.5474735088646412E-012  0.15676599999999996        4.0735960006713867E-002      531577     2045694
Total Mega-FLOPs: 504
        6000   5.4569682106375694E-012  0.22485200000000005        5.7499885559082031E-002      640421     2504352
Total Mega-FLOPs: 686
        7000   3.6379788070917130E-012  0.31122699999999998        7.9614877700805664E-002      734726     2872160
Total Mega-FLOPs: 896
        8000   3.6379788070917130E-012  0.41236599999999990       0.10527777671813965           827743     3242216
Total Mega-FLOPs: 1134
        9000   5.4569682106375694E-012  0.51442700000000008       0.13063693046569824           944740     3720234
Total Mega-FLOPs: 1400
       10000   5.4569682106375694E-012  0.63911599999999991       0.16168498992919922          1043107     4123244
===== THREADS: 8 =====
Total Mega-FLOPs: 0.24
         100   4.2632564145606011E-014   2.7010000000000003E-003   6.8497657775878906E-004         246         973
Total Mega-FLOPs: 5
         500   3.4106051316484809E-013   1.7760999999999999E-002   2.6288032531738281E-003        4691       31700
Total Mega-FLOPs: 18
        1000   6.8212102632969618E-013   6.6129999999999991E-003   1.2660026550292969E-003      100811      526591
Total Mega-FLOPs: 40.5
        1500   6.8212102632969618E-013   1.5260000000000003E-002   2.5110244750976562E-003      147444      896048
Total Mega-FLOPs: 64
        2000   1.3642420526593924E-012   3.6507999999999999E-002   5.2640438079833984E-003      146086     1013162
Total Mega-FLOPs: 144
        3000   1.3642420526593924E-012  0.11116600000000000        1.5017986297607422E-002      161920     1198562
Total Mega-FLOPs: 256
        4000   1.8189894035458565E-012  0.21176500000000001        2.7698993682861328E-002      201481     1540368
Total Mega-FLOPs: 350
        5000   4.5474735088646412E-012  0.29816900000000002        3.8660049438476562E-002      279483     2155541
Total Mega-FLOPs: 504
        6000   5.4569682106375694E-012  0.43615699999999996        5.6147098541259766E-002      330156     2564691
Total Mega-FLOPs: 686
        7000   3.6379788070917130E-012  0.59904000000000002        7.6523065567016602E-002      381721     2988205
Total Mega-FLOPs: 896
        8000   2.7284841053187847E-012  0.78663300000000003       0.10054898262023926           433916     3394697
Total Mega-FLOPs: 1134
        9000   5.4569682106375694E-012  0.99840399999999996       0.12723803520202637           486776     3819612
Total Mega-FLOPs: 1400
       10000   4.5474735088646412E-012   1.2383510000000000       0.15771889686584473           538350     4226929
===== THREADS: 10 =====
Total Mega-FLOPs: 0.24
         100   5.6843418860808015E-014   3.5620000000000001E-003   8.4996223449707031E-004         187         784
Total Mega-FLOPs: 5
         500   2.8421709430404007E-013   2.2516999999999999E-002   2.8748512268066406E-003        3700       28987
Total Mega-FLOPs: 18
        1000   6.8212102632969618E-013   1.0254999999999998E-002   1.8548965454101562E-003       65008      359409
Total Mega-FLOPs: 40.5
        1500   6.8212102632969618E-013   1.8667000000000000E-002   3.1459331512451172E-003      120533      715209
Total Mega-FLOPs: 64
        2000   1.3642420526593924E-012   4.2374999999999996E-002   6.1140060424804688E-003      125860      872314
Total Mega-FLOPs: 144
        3000   1.3642420526593924E-012  0.13423800000000000        1.6949892044067383E-002      134090     1061953
Total Mega-FLOPs: 256
        4000   1.3642420526593924E-012  0.25641899999999995        3.1496047973632812E-002      166394     1354667
Total Mega-FLOPs: 350
        5000   4.5474735088646412E-012  0.36288699999999996        4.4506072998046875E-002      229639     1872403
Total Mega-FLOPs: 504
        6000   4.5474735088646412E-012  0.52695800000000004        6.4496994018554688E-002      273266     2232662
Total Mega-FLOPs: 686
        7000   3.6379788070917130E-012  0.72774500000000009        8.9062929153442383E-002      314212     2567473
Total Mega-FLOPs: 896
        8000   2.7284841053187847E-012  0.94638799999999990       0.11627388000488281           360669     2935597
Total Mega-FLOPs: 1134
        9000   5.4569682106375694E-012   1.1974330000000000       0.14610099792480469           405868     3326466
Total Mega-FLOPs: 1400
       10000   4.5474735088646412E-012   1.4729420000000000       0.17873692512512207           452608     3729876
===== THREADS: 16 =====
Total Mega-FLOPs: 0.24
         100   5.6843418860808015E-014   5.7180000000000009E-003   1.2788772583007812E-003         116         521
Total Mega-FLOPs: 5
         500   3.4106051316484809E-013   1.7188999999999996E-002   1.9950866699218750E-003        4848       41769
Total Mega-FLOPs: 18
        1000   6.8212102632969618E-013   1.2274000000000000E-002   1.7681121826171875E-003       54315      377049
Total Mega-FLOPs: 40.5
        1500   9.0949470177292824E-013   2.4678999999999996E-002   2.8159618377685547E-003       91170      799016
Total Mega-FLOPs: 64
        2000   1.3642420526593924E-012   6.5483000000000000E-002   5.4810047149658203E-003       81446      973057
Total Mega-FLOPs: 144
        3000   1.3642420526593924E-012  0.20870499999999997        1.5166044235229492E-002       86246     1186861
Total Mega-FLOPs: 256
        4000   2.2737367544323206E-012  0.40137799999999996        2.8307199478149414E-002      106300     1507272
Total Mega-FLOPs: 350
        5000   4.5474735088646412E-012  0.56488299999999991        3.9159059524536133E-002      147523     2128072
Total Mega-FLOPs: 504
        6000   4.5474735088646412E-012  0.82747099999999996        5.6644916534423828E-002      174024     2542152
Total Mega-FLOPs: 686
        7000   3.6379788070917130E-012   1.1399459999999999        7.6967954635620117E-002      200594     2970933
Total Mega-FLOPs: 896
        8000   3.6379788070917130E-012   1.4890800000000000       0.10063195228576660           229224     3391898
Total Mega-FLOPs: 1134
        9000   5.4569682106375694E-012   1.8938400000000000       0.12723612785339355           256621     3819669
Total Mega-FLOPs: 1400
       10000   3.6379788070917130E-012   2.3486000000000002       0.15741181373596191           283857     4235175
===== THREADS: 20 =====
Total Mega-FLOPs: 0.24
         100   4.2632564145606011E-014   8.0029999999999997E-003   1.4669895172119141E-003          83         454
Total Mega-FLOPs: 5
         500   2.8421709430404007E-013   2.0732000000000000E-002   2.3629665374755859E-003        4019       35266
Total Mega-FLOPs: 18
        1000   7.9580786405131221E-013   1.6274999999999998E-002   2.2709369659423828E-003       40962      293564
Total Mega-FLOPs: 40.5
        1500   6.8212102632969618E-013   3.0255999999999998E-002   4.2290687561035156E-003       74365      532032
Total Mega-FLOPs: 64
        2000   1.3642420526593924E-012   7.1445999999999982E-002   6.2758922576904297E-003       74648      849812
Total Mega-FLOPs: 144
        3000   1.3642420526593924E-012  0.24575699999999998        1.6375064849853516E-002       73243     1099232
Total Mega-FLOPs: 256
        4000   1.3642420526593924E-012  0.47884800000000005        3.0081987380981445E-002       89102     1418346
Total Mega-FLOPs: 350
        5000   4.5474735088646412E-012  0.67662699999999998        4.1528940200805664E-002      123159     2006632
Total Mega-FLOPs: 504
        6000   4.5474735088646412E-012  0.99976600000000004        5.9865951538085938E-002      144033     2405374
Total Mega-FLOPs: 686
        7000   3.6379788070917130E-012   1.3759779999999999        8.2245111465454102E-002      166184     2780307
Total Mega-FLOPs: 896
        8000   2.7284841053187847E-012   1.8144039999999997       0.10734796524047852           188124     3179690
Total Mega-FLOPs: 1134
        9000   5.4569682106375694E-012   2.3002710000000000       0.13480496406555176           211279     3605208
Total Mega-FLOPs: 1400
       10000   5.4569682106375694E-012   2.8690069999999999       0.16627693176269531           232368     4009375
