===== THREADS: 1 =====
         100   1.7053025658242404E-013   3.4800000000000022E-004   3.4499168395996094E-004        1915        1932
         500   1.5916157281026244E-012   1.7963000000000000E-002   1.8000125885009766E-002        4639        4629
        1000   6.0254023992456496E-012  0.14149999999999999       0.14181303977966309             4711        4701
        1500   1.0913936421275139E-011  0.52468199999999987       0.52604794502258301             4288        4277
        2000   2.0236257114447653E-011   1.4684219999999999        1.4719798564910889             3632        3623
        3000   2.9558577807620168E-011   5.9777639999999996        5.9897539615631104             3011        3005
        4000   6.5028871176764369E-011   15.314710999999999        15.343104839324951             2785        2780
        5000   8.1854523159563541E-011   30.892681000000000        30.947782993316650             2697        2692
        6000   1.0277290130034089E-010   53.706376999999996        53.796869039535522             2681        2676
        7000   1.3460521586239338E-010   87.355230999999989        87.505704164505005             2617        2613
        8000   1.9099388737231493E-010   133.25703300000001        133.48765397071838             2561        2557
        9000   2.4738255888223648E-010   190.62249999999997        190.95961904525757             2549        2545
       10000   2.5465851649641991E-010   260.04794999999996        260.50234603881836             2563        2559
===== THREADS: 2 =====
         100   1.2789769243681803E-013   7.0199999999999993E-004   4.0912628173828125E-004         949        1629
         500   1.8189894035458565E-012   1.6167999999999998E-002   8.3467960357666016E-003        5154        9983
        1000   7.0485839387401938E-012  0.14616000000000001        7.4013948440551758E-002        4561        9007
        1500   1.0231815394945443E-011  0.54317099999999996       0.27873682975769043             4142        8072
        2000   2.0691004465334117E-011   1.8527409999999997       0.93749594688415527             2878        5688
        3000   3.8198777474462986E-011   8.8528309999999983        4.4707720279693604             2033        4026
        4000   7.7307049650698900E-011   23.938350999999997        12.048118114471436             1782        3541
        5000   1.1186784831807017E-010   49.664399999999993        24.965094089508057             1677        3337
        6000   9.0949470177292824E-011   89.550288000000009        44.964400053024292             1608        3202
        7000   1.2278178473934531E-010   143.86596499999999        72.208027839660645             1589        3166
        8000   2.5102053768932819E-010   217.55188600000000        109.17142701148987             1568        3126
        9000   2.0918378140777349E-010   313.67931999999996        157.30555915832520             1549        3089
       10000   2.4556356947869062E-010   429.11242699999997        215.19070911407471             1553        3098
===== THREADS: 4 =====
         100   1.5631940186722204E-013   1.6019999999999997E-003   5.6910514831542969E-004         416        1171
         500   1.5347723092418164E-012   1.8211999999999999E-002   5.0408840179443359E-003        4575       16531
        1000   5.4569682106375694E-012  0.14389099999999999        3.7282228469848633E-002        4633       17881
        1500   1.0345502232667059E-011  0.59877299999999989       0.15551114082336426             3757       14468
        2000   2.4328983272425830E-011   2.6173810000000000       0.67592597007751465             2037        7890
        3000   3.1832314562052488E-011   14.729524000000000        3.7675340175628662             1222        4777
        4000   6.3664629124104977E-011   41.829754999999999        10.630151033401489             1020        4013
        5000   8.2764017861336470E-011   87.872375000000005        22.243699073791504              948        3746
        6000   1.0822986951097846E-010   158.93343099999998        40.178855895996094              906        3583
        7000   1.4188117347657681E-010   259.16067999999996        65.443655014038086              882        3494
        8000   2.0281731849536300E-010   400.02265699999998        100.96178412437439              853        3380
        9000   2.1100277081131935E-010   575.04465999999991        144.97273802757263              845        3352
       10000   2.4920154828578234E-010   787.28608099999997        198.46057891845703              846        3359
===== THREADS: 8 =====
         100   2.1316282072803006E-013   3.9780000000000006E-003   8.0800056457519531E-004         167         825
         500   2.3874235921539366E-012   2.4172999999999997E-002   3.7059783935546875E-003        3447       22486
        1000   6.5938365878537297E-012  0.13200699999999999        1.8120050430297852E-002        5050       36791
        1500   1.1368683772161603E-011  0.57881499999999997        7.5956106185913086E-002        3887       29622
        2000   1.8872015061788261E-011   3.7732419999999998       0.49203801155090332             1413       10839
        3000   3.9108272176235914E-011   28.182167000000000        3.5990529060363770              638        5001
        4000   6.2755134422332048E-011   82.632813999999996        10.513792037963867              516        4058
        5000   9.2768459580838680E-011   175.12162900000001        22.226551055908203              475        3749
        6000   1.1550582712516189E-010   321.00597899999997        40.679602861404419              448        3539
        7000   1.2096279533579946E-010   522.84965099999999        66.198053121566772              437        3454
        8000   2.0736479200422764E-010   806.83444899999995        102.12468981742859              423        3342
        9000   2.0554580260068178E-010   1157.7050570000001        146.38383388519287              419        3320
       10000   2.3828761186450720E-010   1589.8384219999998        200.92153692245483              419        3318
===== THREADS: 10 =====
         100   1.4210854715202004E-013   5.9969999999999989E-003   1.0199546813964844E-003         111         653
         500   1.7621459846850485E-012   2.8317999999999999E-002   3.6959648132324219E-003        2942       22547
        1000   7.3896444519050419E-012  0.13957000000000000        1.5680074691772461E-002        4776       42516
        1500   1.0913936421275139E-011  0.60906299999999991        6.5166950225830078E-002        3694       34526
        2000   2.2509993868879974E-011   4.1037129999999999       0.44071793556213379             1299       12101
        3000   3.1832314562052488E-011   34.332695999999999        3.5292778015136719              524        5100
        4000   7.4123818194493651E-011   103.88498499999999        10.612107992172241              410        4020
        5000   8.0945028457790613E-011   222.36930099999998        22.652185916900635              374        3678
        6000   1.1186784831807017E-010   405.70658900000001        41.285089969635010              354        3487
        7000   1.0641088010743260E-010   665.02601700000002        67.529488086700439              343        3386
        8000   2.0645529730245471E-010   1021.5239740000000        103.73108911514282              334        3290
        9000   2.0918378140777349E-010   1468.4229679999999        148.96582221984863              330        3262
       10000   2.5465851649641991E-010   2011.8500419999998        203.99193692207336              331        3268
===== THREADS: 16 =====
         100   1.2789769243681803E-013   1.3697999999999998E-002   1.8219947814941406E-003          48         365
         500   2.2737367544323206E-012   6.9339999999999985E-002   6.7839622497558594E-003        1201       12283
        1000   7.3896444519050419E-012  0.26641799999999999        2.3089170455932617E-002        2502       28873
        1500   1.0231815394945443E-011  0.96010899999999999        8.0597162246704102E-002        2343       27916
        2000   2.1145751816220582E-011   5.5913209999999998       0.42767906188964844              953       12470
        3000   3.5470293369144201E-011   50.518017999999998        3.6606960296630859              356        4917
        4000   6.0026650317013264E-011   150.82023400000000        10.779886007308960              282        3957
        5000   8.8220986071974039E-011   326.89930899999996        23.205413818359375              254        3591
        6000   1.0004441719502211E-010   595.84418899999991        42.123943090438843              241        3418
        7000   1.1914380593225360E-010   974.55955999999992        68.727503061294556              234        3327
        8000   2.0736479200422764E-010   1495.0418060000000        105.24415588378906              228        3243
        9000   2.1464074961841106E-010   2154.3886470000002        151.28605699539185              225        3212
       10000   2.3464963305741549E-010   2969.2068559999998        208.28218698501587              224        3200
===== THREADS: 20 =====
         100   1.5631940186722204E-013   2.2866999999999998E-002   2.4671554565429688E-003          29         270
         500   1.9895196601282805E-012  0.10472999999999999        9.0789794921875000E-003         795        9178
        1000   5.6843418860808015E-012  0.33901999999999999        2.4659872055053711E-002        1966       27034
        1500   1.2050804798491299E-011   1.2567840000000001        8.3952188491821289E-002        1790       26800
        2000   1.9781509763561189E-011   7.9669889999999999       0.43698596954345703              669       12204
        3000   3.4560798667371273E-011   69.050591999999995        3.6124458312988281              260        4982
        4000   6.1390892369672656E-011   215.10262399999999        11.130121946334839              198        3833
        5000   1.0368239600211382E-010   457.77669700000001        23.533655166625977              182        3541
        6000   1.0095391189679503E-010   834.94180599999993        42.869648933410645              172        3359
        7000   1.1368683772161603E-010   1374.1371779999999        70.321758031845093              166        3251
        8000   2.0554580260068178E-010   2094.3977819999996        107.07349991798401              162        3187
        9000   2.3283064365386963E-010   3025.4416609999998        154.41659688949585              160        3147
       10000   2.2009771782904863E-010   4182.9492440000004        213.28215909004211              159        3125
