===== THREADS: 1 =====
Total Mega-FLOPs: 0.66
         100   1.4921397450962104E-012   3.2100000000000010E-004   3.2806396484375000E-004        2076        2032
Total Mega-FLOPs: 54
         500   2.2566837287740782E-011   1.2775999999999999E-002   1.2801885604858398E-002        6522        6509
Total Mega-FLOPs: 402
        1000   6.2414073909167200E-011   7.5014999999999998E-002   7.5212001800537109E-002        8887        8863
Total Mega-FLOPs: 1327.5
        1500   1.0982148523908108E-010  0.32725899999999997       0.32829093933105469             6875        6853
Total Mega-FLOPs: 3112
        2000   1.6552803572267294E-010  0.82669599999999999       0.82853794097900391             6451        6437
Total Mega-FLOPs: 10386
        3000   3.0945557227823883E-010   3.1441549999999996        3.1501090526580811             5724        5714
Total Mega-FLOPs: 24512
        4000   4.8521542339585721E-010   7.5653350000000001        7.5777149200439453             5639        5630
Total Mega-FLOPs: 47800
        5000   6.6847860580310225E-010   15.007178999999999        15.029902935028076             5552        5544
Total Mega-FLOPs: 82512
        6000   8.8766682893037796E-010   26.447535999999999        26.491420030593872             5444        5435
Total Mega-FLOPs: 130928
        7000   1.1268639354966581E-009   41.508040999999999        41.573307037353516             5508        5500
Total Mega-FLOPs: 195584
        8000   1.3587850844487548E-009   63.815044999999998        63.919001102447510             5348        5340
Total Mega-FLOPs: 278316
        9000   1.6661942936480045E-009   89.728167999999997        89.873458147048950             5416        5407
Total Mega-FLOPs: 382000
       10000   1.9299477571621537E-009   121.27537099999999        121.45033884048462             5497        5489
===== THREADS: 2 =====
Total Mega-FLOPs: 0.66
         100   1.8829382497642655E-012   6.2599999999999982E-004   3.7217140197753906E-004        1064        1791
Total Mega-FLOPs: 54.5
         500   1.7450929590268061E-011   1.2889999999999999E-002   6.5870285034179688E-003        6464       12651
Total Mega-FLOPs: 402
        1000   6.3550942286383361E-011   8.5692999999999991E-002   4.4951200485229492E-002        7779       14830
Total Mega-FLOPs: 1327.5
        1500   1.1050360626541078E-010  0.34898800000000002       0.17817401885986328             6447       12628
Total Mega-FLOPs: 3112
        2000   1.6461854102090001E-010  0.89295999999999986       0.45091509819030762             5972       11827
Total Mega-FLOPs: 10386
        3000   3.1809577194508165E-010   3.5935199999999998        1.8162848949432373             5009        9910
Total Mega-FLOPs: 24512
        4000   4.8657966544851661E-010   8.0190749999999991        4.0429899692535400             5320       10553
Total Mega-FLOPs: 47800
        5000   6.7484506871551275E-010   16.350258000000000        8.2789590358734131             5096       10065
Total Mega-FLOPs: 82512
        6000   8.8948581833392382E-010   28.344462999999998        14.345451831817627             5080       10038
Total Mega-FLOPs: 130928
        7000   1.1305019143037498E-009   43.847026999999997        22.046939134597778             5215       10371
Total Mega-FLOPs: 195456
        8000   1.3774297258350998E-009   67.694584999999989        34.237040042877197             5042        9969
Total Mega-FLOPs: 278478
        9000   1.6334524843841791E-009   96.855353999999991        48.967873096466064             5017        9924
Total Mega-FLOPs: 382000
       10000   1.9208528101444244E-009   132.58436300000000        67.022264003753662             5028        9946
===== THREADS: 4 =====
Total Mega-FLOPs: 0.66
         100   1.4210854715202004E-012   1.3710000000000003E-003   5.1188468933105469E-004         486        1302
Total Mega-FLOPs: 54.5
         500   1.7280399333685637E-011   9.6579999999999999E-002   2.4580955505371094E-002         862        3390
Total Mega-FLOPs: 404
        1000   5.5138116294983774E-011   9.6712999999999993E-002   2.5087833404541016E-002        6893       26573
Total Mega-FLOPs: 1327.5
        1500   1.1289102985756472E-010  0.36400600000000000        9.6433162689208984E-002        6181       23332
Total Mega-FLOPs: 3112
        2000   1.6279955161735415E-010  0.98818699999999993       0.25656795501708984             5397       20787
Total Mega-FLOPs: 10386
        3000   3.1354829843621701E-010   4.0391230000000000        1.0313980579376221             4456       17452
Total Mega-FLOPs: 24512
        4000   4.8203219193965197E-010   10.326201999999999        2.6287930011749268             4131       16230
Total Mega-FLOPs: 47800
        5000   6.7075234255753458E-010   20.573442000000000        5.1978099346160889             4050       16032
Total Mega-FLOPs: 82512
        6000   8.8857632363215089E-010   36.107556000000002        9.1016139984130859             3988       15821
Total Mega-FLOPs: 130928
        7000   1.1359588825143874E-009   59.388552000000004        15.001981019973755             3850       15242
Total Mega-FLOPs: 195456
        8000   1.3837961887475103E-009   89.983927999999992        22.801282882690430             3793       14969
Total Mega-FLOPs: 278478
        9000   1.6207195585593581E-009   124.17583699999999        31.192450046539307             3913       15580
Total Mega-FLOPs: 382000
       10000   1.9263097783550620E-009   175.49998600000001        44.206007003784180             3798       15080
===== THREADS: 8 =====
Total Mega-FLOPs: 0.66
         100   1.5987211554602254E-012   5.6919999999999991E-003   1.0409355163574219E-003         117         640
Total Mega-FLOPs: 54.5
         500   1.8133050616597757E-011  0.25673899999999999        3.2773017883300781E-002         324        2542
Total Mega-FLOPs: 404
        1000   5.4910742619540542E-011  0.13518599999999997        1.7456054687500000E-002        4931       38191
Total Mega-FLOPs: 1327.5
        1500   1.1050360626541078E-010  0.39354899999999998        5.1962852478027344E-002        5717       43300
Total Mega-FLOPs: 3112
        2000   1.6666490409988910E-010   1.6011240000000000       0.20985484123229980             3330       25414
Total Mega-FLOPs: 10386
        3000   3.1195668270811439E-010   7.5617349999999997       0.98511385917663574             2380       18272
Total Mega-FLOPs: 24512
        4000   4.7975845518521965E-010   19.787126999999998        2.5253210067749023             2156       16895
Total Mega-FLOPs: 47800
        5000   6.6802385845221579E-010   39.805359000000003        5.0962610244750977             2093       16351
Total Mega-FLOPs: 82512
        6000   8.9539753389544785E-010   70.501371000000006        8.9496080875396729             2042       16090
Total Mega-FLOPs: 131026
        7000   1.1086740414611995E-009   113.15110999999999        14.306931972503662             2020       15982
Total Mega-FLOPs: 195456
        8000   1.3824319466948509E-009   170.29535099999998        21.577796936035156             2004       15818
Total Mega-FLOPs: 278316
        9000   1.6525518731214106E-009   243.41880999999998        30.703560113906860             1996       15828
Total Mega-FLOPs: 382000
       10000   1.9381332094781101E-009   335.09315300000003        42.289363145828247             1989       15764
===== THREADS: 10 =====
Total Mega-FLOPs: 0.66
         100   1.4921397450962104E-012   7.9839999999999998E-003   1.2018680572509766E-003          83         554
Total Mega-FLOPs: 54.5
         500   1.7053025658242404E-011  0.36833899999999997        3.7659168243408203E-002         226        2212
Total Mega-FLOPs: 402
        1000   6.2982508097775280E-011  0.46618099999999996        5.0673007965087891E-002        1430       13156
Total Mega-FLOPs: 1327.5
        1500   1.1004885891452432E-010  0.47861300000000001        4.9913167953491211E-002        4701       45078
Total Mega-FLOPs: 3112
        2000   1.6825651982799172E-010   1.8258659999999998       0.20278096199035645             2920       26300
Total Mega-FLOPs: 10386
        3000   3.1286617740988731E-010   9.4801430000000000       0.98240208625793457             1898       18322
Total Mega-FLOPs: 24512
        4000   4.8430592869408429E-010   24.937860999999998        2.5409138202667236             1710       16791
Total Mega-FLOPs: 47800
        5000   6.7120708990842104E-010   50.083976999999997        5.0958399772644043             1663       16353
Total Mega-FLOPs: 82512
        6000   8.9039531303569674E-010   88.952471000000003        9.0128409862518311             1618       15977
Total Mega-FLOPs: 130928
        7000   1.1432348401285708E-009   142.13345900000002        14.389254093170166             1608       15891
Total Mega-FLOPs: 195456
        8000   1.3856151781510562E-009   213.61999499999999        21.588083982467651             1597       15811
Total Mega-FLOPs: 278316
        9000   1.6643753042444587E-009   305.76988199999994        30.833539009094238             1589       15762
Total Mega-FLOPs: 382000
       10000   1.9208528101444244E-009   420.58555999999993        42.400654077529907             1585       15723
===== THREADS: 16 =====
Total Mega-FLOPs: 0.66
         100   1.5631940186722204E-012   1.0504999999999999E-002   1.6989707946777344E-003          63         392
Total Mega-FLOPs: 54
         500   2.1714186004828662E-011  0.29419400000000001        2.0462036132812500E-002         283        4072
Total Mega-FLOPs: 404
        1000   5.6388671509921551E-011  0.58423199999999997        3.8381814956665039E-002        1141       17369
Total Mega-FLOPs: 1327.5
        1500   1.1095835361629725E-010  0.65051700000000001        5.0094127655029297E-002        3458       44915
Total Mega-FLOPs: 3112
        2000   1.6734702512621880E-010   2.5413899999999998       0.19445109367370605             2098       27427
Total Mega-FLOPs: 10386
        3000   3.1468516681343317E-010   14.005248000000000       0.98490691184997559             1285       18275
Total Mega-FLOPs: 24512
        4000   4.8839865485206246E-010   36.614808000000004        2.5935990810394287             1165       16450
Total Mega-FLOPs: 47800
        5000   6.7348082666285336E-010   73.651078999999996        5.2059168815612793             1131       16007
Total Mega-FLOPs: 82512
        6000   8.9403329184278846E-010   129.58841799999999        9.0398449897766113             1111       15929
Total Mega-FLOPs: 130928
        7000   1.1350493878126144E-009   207.77081999999999        14.492105007171631             1100       15778
Total Mega-FLOPs: 195456
        8000   1.3797034625895321E-009   311.32865300000003        21.678179979324341             1096       15745
Total Mega-FLOPs: 278478
        9000   1.6243575373664498E-009   454.67971199999994        31.353139877319336             1068       15500
Total Mega-FLOPs: 382000
       10000   1.9263097783550620E-009   626.90710200000001        43.041203975677490             1063       15489
===== THREADS: 20 =====
Total Mega-FLOPs: 0.66
         100   1.1795009413617663E-012   1.3540999999999999E-002   1.9440650939941406E-003          49         342
Total Mega-FLOPs: 54.5
         500   1.8701484805205837E-011  0.25801499999999999        1.5477180480957031E-002         322        5384
Total Mega-FLOPs: 404
        1000   5.6274984672199935E-011  0.28113199999999999        1.6741037368774414E-002        2371       39822
Total Mega-FLOPs: 1327.5
        1500   1.0822986951097846E-010  0.93860100000000002        5.2486181259155273E-002        2397       42868
Total Mega-FLOPs: 3112
        2000   1.6370904631912708E-010   3.8160069999999995       0.20991611480712891             1397       25406
Total Mega-FLOPs: 10386
        3000   3.1059244065545499E-010   19.017201999999997       0.99697589874267578              946       18054
Total Mega-FLOPs: 24512
        4000   4.8839865485206246E-010   48.124524000000001        2.7503039836883545              886       15513
Total Mega-FLOPs: 47800
        5000   6.7257133196108043E-010   96.405071000000007        5.6292150020599365              864       14803
Total Mega-FLOPs: 82512
        6000   8.8402885012328625E-010   169.45720799999998        9.7374351024627686              849       14788
Total Mega-FLOPs: 131026
        7000   1.1095835361629725E-009   276.58609100000001        15.289036989212036              826       14956
Total Mega-FLOPs: 195456
        8000   1.3815224519930780E-009   412.87519600000002        22.731575965881348              826       15015
Total Mega-FLOPs: 278316
        9000   1.6607373254373670E-009   590.19920400000001        32.317683935165405              823       15038
Total Mega-FLOPs: 382000
       10000   1.9254002836532891E-009   813.22100100000000        44.406818151473999              819       15012
