===== THREADS: 1 =====
         100   9.5674579370097490E-012   3.1999999999999954E-004   3.1614303588867188E-004        2083        2108
         500   1.8835066839528736E-010   1.8067000000000000E-002   1.8143892288208008E-002        4612        4592
        1000   1.1425527191022411E-009  0.13600099999999998       0.13628506660461426             4901        4891
        1500   1.0711573850130662E-009  0.52179999999999993       0.52320289611816406             4311        4300
        2000   5.4856172937434167E-009   1.4250520000000000        1.4290781021118164             3742        3732
        3000   9.1893070930382237E-009   5.9624909999999991        5.9756197929382324             3018        3012
        4000   1.7362253856845200E-008   15.019667000000000        15.048826217651367             2840        2835
        5000   2.3706434149062261E-008   30.496482000000000        30.550523042678833             2732        2727
        6000   6.6699840317596681E-008   54.054222999999993        54.146333932876587             2663        2659
        7000   5.3494659368880093E-008   87.301950000000005        87.456964969635010             2619        2614
        8000   4.8271385821863078E-007   132.39406299999999        132.62070918083191             2578        2573
        9000   2.6731231628218666E-007   189.80369899999999        190.13841199874878             2560        2556
       10000   4.8389028961537406E-007   256.38651999999996        256.81840801239014             2600        2595
===== THREADS: 2 =====
         100   3.0837554731988348E-012   1.1129999999999998E-003   6.1798095703125000E-004         598        1078
         500   1.0570033737167250E-010   2.2820999999999998E-002   1.1892080307006836E-002        3651        7007
        1000   5.8162186178378761E-010  0.16090299999999999        8.3158969879150391E-002        4143        8016
        1500   3.6371829992276616E-009  0.57145599999999996       0.29420590400695801             3937        7647
        2000   3.9245833249879070E-009   1.8731209999999998       0.95693111419677734             2847        5573
        3000   5.5574673751834780E-009   8.8300979999999996        4.4987368583679199             2038        4001
        4000   1.9168965081917122E-008   24.132071999999997        12.208669900894165             1768        3494
        5000   3.1243189368979074E-008   50.036143000000003        25.235085964202881             1665        3302
        6000   3.9081896829884499E-008   89.359337999999994        45.026351928710938             1611        3198
        7000   7.8234712930225214E-008   144.35988399999999        72.620993137359619             1584        3148
        8000   1.3801582099404186E-007   217.58429699999999        109.54981398582458             1568        3115
        9000   3.9640508475713432E-007   313.33383099999998        157.44381403923035             1551        3086
       10000   1.0580333764664829E-007   428.73221000000001        215.46845698356628             1554        3094
===== THREADS: 4 =====
         100   2.8563817977556027E-012   2.4399999999999995E-003   7.7295303344726562E-004         273         862
         500   2.3038637664285488E-010   3.0294999999999996E-002   8.1398487091064453E-003        2750       10237
        1000   4.8848480815877338E-010  0.18251799999999999        4.9954891204833984E-002        3652       13345
        1500   3.1919142884362373E-009  0.64579099999999989       0.17405700683593750             3484       12926
        2000   1.8019818526227027E-008   2.7474639999999999       0.72231602668762207             1941        7383
        3000   2.9588591132778674E-008   14.857282999999999        3.8326120376586914             1211        4696
        4000   2.2582298697670922E-008   42.165756000000002        10.822988033294678             1011        3942
        5000   2.1956748241791502E-007   88.202956000000000        22.461272954940796              944        3710
        6000   2.8194972401252016E-007   159.43165399999998        40.518973112106323              903        3553
        7000   6.9504986868196283E-006   259.96953699999995        65.930714845657349              879        3468
        8000   1.3066710380371660E-007   399.93091899999996        101.49637103080750              853        3363
        9000   1.2003147276118398E-007   576.43749200000002        145.75855493545532              843        3334
       10000   1.1144916243210901E-006   788.12368800000002        199.33694696426392              845        3344
===== THREADS: 8 =====
         100   1.6342482922482304E-011   6.1089999999999990E-003   1.1351108551025391E-003         109         587
         500   9.7585939329292160E-011   4.9499999999999995E-002   6.8769454956054688E-003        1683       12117
        1000   3.7628069549100474E-009  0.20654299999999998        2.9979944229125977E-002        3227       22237
        1500   3.9390215533785522E-009  0.70930899999999997       0.10234689712524414             3172       21984
        2000   1.0123130778083578E-008   3.9047169999999998       0.52418899536132812             1365       10174
        3000   1.6309456896124175E-008   28.352619000000001        3.6670589447021484              634        4908
        4000   1.6773356037447229E-008   82.755132000000003        10.645550966262817              515        4007
        5000   2.5791450752876699E-008   175.40261200000000        22.421314954757690              475        3716
        6000   6.6308984969509766E-008   319.50907999999998        40.766885995864868              450        3532
        7000   2.4327300707227550E-007   524.56366800000001        66.766797065734863              435        3424
        8000   9.4465576694346964E-008   806.59167400000001        102.74655508995056              423        3322
        9000   3.4104834867321188E-007   1153.7281860000001        146.43066215515137              421        3318
       10000   1.0831573256098181E-006   1596.4411810000001        202.58190107345581              417        3290
===== THREADS: 10 =====
         100   1.4694023775518872E-011   8.5909999999999997E-003   1.3711452484130859E-003          77         486
         500   6.3607785705244169E-011   6.0740999999999989E-002   6.9890022277832031E-003        1371       11923
        1000   8.1507778304512613E-010  0.27803500000000003        4.3185949325561523E-002        2397       15437
        1500   1.2905729818157852E-009  0.79040099999999991       0.10550999641418457             2846       21324
        2000   3.6397977964952588E-009   4.3340990000000001       0.46810698509216309             1230       11393
        3000   1.7412467911981366E-008   34.500833999999998        3.6262128353118896              521        4963
        4000   2.6139787223655730E-008   104.30302100000000        10.791881084442139              409        3953
        5000   6.7331711761653423E-008   223.59866899999997        22.920568943023682              372        3635
        6000   9.4580173026770353E-008   402.48819199999997        41.222056865692139              357        3493
        7000   1.8811033442034386E-007   665.10242699999992        67.956148147583008              343        3364
        8000   3.1544732337351888E-007   1021.6345870000000        104.42937397956848              334        3268
        9000   1.7513229977339506E-007   1463.9631760000000        149.15175390243530              331        3258
       10000   2.1229061530902982E-007   2017.4772639999999        205.47371196746826              330        3244
===== THREADS: 16 =====
         100   3.6592950891645160E-011   2.0177999999999998E-002   2.2668838500976562E-003          33         294
         500   2.4843416213116143E-010  0.13485200000000000        1.3108968734741211E-002         617        6356
        1000   8.6635054685757495E-010  0.41333899999999996        3.6258935928344727E-002        1612       18386
        1500   2.5397639547009021E-009   1.2159240000000000       0.10465717315673828             1850       21498
        2000   3.1759554985910654E-009   5.8537340000000002       0.45627617835998535              911       11688
        3000   6.3514562498312443E-009   50.237921000000000        3.7074830532073975              358        4855
        4000   3.9956375985639170E-008   151.03602200000000        10.956201076507568              282        3894
        5000   5.4958945838734508E-008   327.17530099999993        23.467293024063110              254        3551
        6000   4.3922045733779669E-007   595.60941500000001        42.488682985305786              241        3389
        7000   1.0270014172419906E-007   974.49545599999999        69.229022979736328              234        3303
        8000   1.8303217075299472E-007   1494.2169699999999        105.94539499282837              228        3221
        9000   9.6721942099975422E-007   2154.2089580000002        151.97583985328674              225        3197
       10000   4.5348861021921039E-007   2968.3004460000002        209.23393106460571              224        3186
===== THREADS: 20 =====
         100   3.9896974612929625E-012   3.6899000000000001E-002   3.7579536437988281E-003          18         177
         500   2.1947244022157975E-010  0.19045499999999999        1.5862941741943359E-002         437        5253
        1000   3.8460257201222703E-010  0.53250699999999995        4.0154933929443359E-002        1251       16602
        1500   3.5878144899470499E-009   1.5835260000000000       0.10442495346069336             1420       21546
        2000   1.2929632475788821E-008   8.4805119999999992       0.47675514221191406              628       11186
        3000   8.9025888883043081E-009   69.914212999999990        3.6844608783721924              257        4885
        4000   2.1250839665754029E-007   216.13517100000001        11.273383855819702              197        3784
        5000   2.7790406420535874E-008   459.76487499999996        23.771563053131104              181        3505
        6000   4.5729393605142832E-008   839.35045499999990        43.313405990600586              171        3324
        7000   1.3709086488233879E-007   1373.3438689999998        70.575637102127075              166        3240
        8000   8.1812686403281987E-008   2100.0165800000000        107.95008516311646              162        3161
        9000   1.6184094420168549E-007   3029.2858299999998        155.20814609527588              160        3131
       10000   7.3320643423357978E-007   4181.3980220000003        213.96909403800964              159        3115
