===== THREADS: 1 =====
Total Mega-FLOPs: 0.64
         100   1.7195134205394424E-012   2.5200000000000005E-004   2.5510787963867188E-004        2645        2613
Total Mega-FLOPs: 54
         500   1.7053025658242404E-011   1.1917000000000001E-002   1.1979103088378906E-002        6992        6956
Total Mega-FLOPs: 402
        1000   5.4114934755489230E-011   7.4166999999999997E-002   7.4344873428344727E-002        8988        8967
Total Mega-FLOPs: 1323
        1500   1.1118572729174048E-010  0.30912400000000001       0.31002187728881836             7278        7257
Total Mega-FLOPs: 3104
        2000   1.6734702512621880E-010  0.82230599999999987       0.82395982742309570             6485        6472
Total Mega-FLOPs: 10368
        3000   3.1513991416431963E-010   3.1092170000000001        3.1146330833435059             5789        5779
Total Mega-FLOPs: 24480
        4000   4.7839421313256025E-010   7.5399799999999999        7.5517480373382568             5658        5649
Total Mega-FLOPs: 47700
        5000   6.9439920480363071E-010   15.317368999999999        15.343014001846313             5440        5431
Total Mega-FLOPs: 82440
        6000   8.8721208157949150E-010   25.637912000000000        25.675030946731567             5616        5608
Total Mega-FLOPs: 130830
        7000   1.1359588825143874E-009   41.913772000000002        41.980137109756470             5455        5447
Total Mega-FLOPs: 195328
        8000   1.3942553778178990E-009   60.955288999999993        61.042851924896240             5599        5591
Total Mega-FLOPs: 278316
        9000   1.6252670320682228E-009   89.774770000000004        89.921101093292236             5413        5404
Total Mega-FLOPs: 381800
       10000   1.9235812942497432E-009   120.06879499999999        120.24169111251831             5552        5544
===== THREADS: 2 =====
Total Mega-FLOPs: 0.64
         100   1.3500311979441904E-012   3.6399999999999974E-004   3.7097930908203125E-004        1831        1797
Total Mega-FLOPs: 54
         500   1.6711965145077556E-011   1.5179999999999999E-002   8.0709457397460938E-003        5489       10325
Total Mega-FLOPs: 400
        1000   6.2982508097775280E-011   8.5994000000000001E-002   4.3585062026977539E-002        7752       15295
Total Mega-FLOPs: 1323
        1500   1.1050360626541078E-010  0.35117900000000002       0.17650198936462402             6406       12747
Total Mega-FLOPs: 3104
        2000   1.6143530956469476E-010  0.90080899999999997       0.45202803611755371             5920       11798
Total Mega-FLOPs: 10368
        3000   3.1081981433089823E-010   3.5062519999999999        1.7567839622497559             5133       10245
Total Mega-FLOPs: 24480
        4000   4.8839865485206246E-010   8.4266179999999995        4.2215459346771240             5063       10106
Total Mega-FLOPs: 47750
        5000   6.7620931076817214E-010   16.110758000000001        8.0728359222412109             5172       10322
Total Mega-FLOPs: 82440
        6000   8.8493834482505918E-010   26.565548000000000        13.306191921234131             5420       10822
Total Mega-FLOPs: 130928
        7000   1.1095835361629725E-009   44.755547000000000        22.417212009429932             5109       10200
Total Mega-FLOPs: 195328
        8000   1.3833414413966238E-009   64.116670999999997        32.113945960998535             5323       10628
Total Mega-FLOPs: 278154
        9000   1.6543708625249565E-009   95.674227000000002        47.920862913131714             5079       10141
Total Mega-FLOPs: 381800
       10000   1.9244907889515162E-009   126.96273700000000        63.592305898666382             5250       10483
===== THREADS: 4 =====
Total Mega-FLOPs: 0.64
         100   1.7337242752546445E-012   5.7100000000000033E-004   5.7697296142578125E-004        1167        1155
Total Mega-FLOPs: 53.5
         500   2.2794210963184014E-011  0.11024600000000000        2.7832031250000000E-002         755        2994
Total Mega-FLOPs: 402
        1000   5.3660187404602766E-011  0.10394600000000000        2.6244878768920898E-002        6413       25401
Total Mega-FLOPs: 1323
        1500   1.0868461686186492E-010  0.36426500000000001        9.2084169387817383E-002        6176       24434
Total Mega-FLOPs: 3104
        2000   1.6552803572267294E-010   1.0326009999999999       0.25976896286010742             5164       20531
Total Mega-FLOPs: 10368
        3000   3.1513991416431963E-010   4.1353219999999995        1.0371029376983643             4352       17356
Total Mega-FLOPs: 24480
        4000   4.8703441279940307E-010   10.225480999999998        2.5636620521545410             4172       16642
Total Mega-FLOPs: 47750
        5000   6.7575456341728568E-010   20.835970999999997        5.2215759754180908             3999       15959
Total Mega-FLOPs: 82440
        6000   8.9039531303569674E-010   36.796608999999997        9.2211129665374756             3913       15616
Total Mega-FLOPs: 130928
        7000   1.1095835361629725E-009   58.946839999999995        14.770089864730835             3879       15481
Total Mega-FLOPs: 195328
        8000   1.3765202311333269E-009   89.989937999999995        22.548638105392456             3793       15137
Total Mega-FLOPs: 278154
        9000   1.6643753042444587E-009   126.97878000000000        31.813512086868286             3827       15276
Total Mega-FLOPs: 381800
       10000   1.9217623048461974E-009   173.99765499999998        43.597183942794800             3831       15291
===== THREADS: 8 =====
Total Mega-FLOPs: 0.64
         100   1.4424017535930034E-012   2.3269999999999996E-003   1.0018348693847656E-003         286         665
Total Mega-FLOPs: 54
         500   1.7166712495964020E-011  0.28400799999999998        3.6001920700073242E-002         293        2314
Total Mega-FLOPs: 402
        1000   5.4455995268654078E-011  0.42130099999999998        5.3503036499023438E-002        1582       12460
Total Mega-FLOPs: 1323
        1500   1.0936673788819462E-010  0.48130099999999992        6.0685873031616211E-002        4674       37076
Total Mega-FLOPs: 3104
        2000   1.6780177247710526E-010   1.6784869999999998       0.21193695068359375             3177       25164
Total Mega-FLOPs: 10368
        3000   3.1695890356786549E-010   7.8343970000000001       0.98284792900085449             2297       18314
Total Mega-FLOPs: 24480
        4000   4.8839865485206246E-010   20.098640999999997        2.5192480087280273             2122       16936
Total Mega-FLOPs: 47750
        5000   6.7120708990842104E-010   40.675980999999993        5.0973501205444336             2048       16348
Total Mega-FLOPs: 82440
        6000   8.8493834482505918E-010   71.366896999999994        8.9426441192626953             2017       16102
Total Mega-FLOPs: 130830
        7000   1.1414158507250249E-009   114.08515800000001        14.294332027435303             2004       15997
Total Mega-FLOPs: 195328
        8000   1.3819771993439645E-009   172.48316800000001        21.608929872512817             1978       15795
Total Mega-FLOPs: 278154
        9000   1.6598278307355940E-009   245.55735199999998        30.764564037322998             1979       15797
Total Mega-FLOPs: 381800
       10000   1.9317667465656996E-009   337.79711500000002        42.319566965103149             1973       15753
===== THREADS: 10 =====
Total Mega-FLOPs: 0.64
         100   1.6342482922482304E-012   6.8439999999999994E-003   1.2130737304687500E-003          97         549
Total Mega-FLOPs: 54
         500   1.7166712495964020E-011  0.37109399999999998        3.7525177001953125E-002         224        2220
Total Mega-FLOPs: 400
        1000   6.4574123825877905E-011   1.6818459999999997       0.16901612281799316              396        3944
Total Mega-FLOPs: 1323
        1500   1.0982148523908108E-010  0.59232899999999999        6.0018062591552734E-002        3798       37488
Total Mega-FLOPs: 3104
        2000   1.6643753042444587E-010   1.9944919999999997       0.20182800292968750             2674       26425
Total Mega-FLOPs: 10368
        3000   3.1241143005900085E-010   9.8030969999999993       0.98487687110900879             1836       18276
Total Mega-FLOPs: 24480
        4000   4.9249138101004064E-010   25.057538000000001        2.5143840312957764             1702       16969
Total Mega-FLOPs: 47750
        5000   6.7257133196108043E-010   50.747242999999997        5.0891070365905762             1642       16374
Total Mega-FLOPs: 82440
        6000   8.8948581833392382E-010   90.060580000000002        9.0306739807128906             1598       15945
Total Mega-FLOPs: 130928
        7000   1.1114025255665183E-009   143.64811399999999        14.403584003448486             1591       15875
Total Mega-FLOPs: 195328
        8000   1.3860699255019426E-009   215.99794900000001        21.660762071609497             1580       15758
Total Mega-FLOPs: 278154
        9000   1.6652847989462316E-009   306.99928199999999        30.783281087875366             1583       15787
Total Mega-FLOPs: 381800
       10000   1.9254002836532891E-009   422.75451699999996        42.390312910079956             1576       15726
===== THREADS: 16 =====
Total Mega-FLOPs: 0.64
         100   1.4352963262354024E-012   3.7839999999999996E-003   1.3060569763183594E-003         176         510
Total Mega-FLOPs: 53.5
         500   2.2623680706601590E-011  0.29819399999999996        1.9872188568115234E-002         279        4193
Total Mega-FLOPs: 402
        1000   5.6729732023086399E-011  0.91824899999999998        5.8403015136718750E-002         726       11414
Total Mega-FLOPs: 1323
        1500   1.1073097994085401E-010  0.87495899999999993        5.5816173553466797E-002        2571       40310
Total Mega-FLOPs: 3104
        2000   1.6984813555609435E-010   3.1084220000000000       0.19660496711730957             1715       27127
Total Mega-FLOPs: 10368
        3000   3.1377567211166024E-010   15.514075000000000       0.97419595718383789             1160       18476
Total Mega-FLOPs: 24480
        4000   4.8112269723787904E-010   40.235258999999999        2.5240249633789062             1060       16904
Total Mega-FLOPs: 47750
        5000   6.6847860580310225E-010   81.726451999999995        5.1252801418304443             1019       16259
Total Mega-FLOPs: 82440
        6000   8.8493834482505918E-010   144.20814299999998        9.0422420501708984              998       15925
Total Mega-FLOPs: 130830
        7000   1.1314114090055227E-009   230.30190399999998        14.434828996658325              992       15841
Total Mega-FLOPs: 195328
        8000   1.3787939678877592E-009   345.05756399999996        21.627999067306519              989       15782
Total Mega-FLOPs: 278316
        9000   1.6252670320682228E-009   495.16746400000000        31.033770799636841              981       15660
Total Mega-FLOPs: 381800
       10000   1.9235812942497432E-009   678.85527000000002        42.551239013671875              982       15667
===== THREADS: 20 =====
Total Mega-FLOPs: 0.64
         100   1.4068746168049984E-012   1.5604999999999999E-002   1.3568401336669922E-003          42         491
Total Mega-FLOPs: 53.5
         500   2.2737367544323206E-011  0.30905399999999994        1.6687870025634766E-002         269        4993
Total Mega-FLOPs: 400
        1000   6.3892002799548209E-011   1.2702140000000000        6.4888954162597656E-002         524       10273
Total Mega-FLOPs: 1323
        1500   1.0982148523908108E-010   1.1756789999999999        5.9723138809204102E-002        1913       37673
Total Mega-FLOPs: 3104
        2000   1.6416379367001355E-010   3.9363700000000001       0.19960117340087891             1354       26719
Total Mega-FLOPs: 10368
        3000   3.1059244065545499E-010   19.439394999999998       0.97923707962036133              925       18381
Total Mega-FLOPs: 24480
        4000   4.8612491809763014E-010   50.075977000000002        2.5166289806365967              852       16953
Total Mega-FLOPs: 47700
        5000   6.9667294155806303E-010   101.38203200000000        5.0912489891052246              821       16367
Total Mega-FLOPs: 82440
        6000   8.8493834482505918E-010   178.64434899999998        8.9675328731536865              806       16057
Total Mega-FLOPs: 130830
        7000   1.1386873666197062E-009   287.97306400000002        14.457440137863159              794       15816
Total Mega-FLOPs: 195328
        8000   1.3906173990108073E-009   430.48808399999996        21.602909088134766              792       15800
Total Mega-FLOPs: 278154
        9000   1.6561898519285023E-009   615.68228999999997        30.906789064407349              789       15724
Total Mega-FLOPs: 381800
       10000   1.9235812942497432E-009   848.22064699999987        42.574363946914673              785       15658
