===== THREADS: 1 =====
         100   2.1316282072803006E-013   2.9099999999999959E-004   2.9802322387695312E-004        2290        2236
         500   1.7621459846850485E-012   1.7551000000000001E-002   1.7633199691772461E-002        4748        4725
        1000   6.2527760746888816E-012  0.13554300000000000       0.13583517074584961             4918        4907
        1500   1.0231815394945443E-011  0.52971699999999999       0.53113508224487305             4247        4236
        2000   2.3419488570652902E-011   1.4587399999999999        1.4621970653533936             3656        3647
        3000   3.8653524825349450E-011   5.9632280000000000        5.9751341342926025             3018        3012
        4000   6.4119376474991441E-011   15.249952999999998        15.278100013732910             2797        2792
        5000   9.0039975475519896E-011   31.069654999999997        31.125699996948242             2682        2677
        6000   1.1095835361629725E-010   54.504155999999995        54.602193832397461             2642        2637
        7000   1.2551026884466410E-010   87.831727999999998        87.986169815063477             2603        2598
        8000   2.0008883439004421E-010   133.26825900000000        133.50427889823914             2561        2556
        9000   2.0372681319713593E-010   190.97154800000001        191.30871796607971             2544        2540
       10000   2.5465851649641991E-010   259.12367200000000        259.57525897026062             2572        2568
===== THREADS: 2 =====
         100   1.1368683772161603E-013   3.6700000000000014E-004   3.7002563476562500E-004        1816        1801
         500   1.9326762412674725E-012   1.8707999999999999E-002   9.5961093902587891E-003        4454        8684
        1000   7.0485839387401938E-012  0.14569900000000000        7.3390007019042969E-002        4575        9083
        1500   1.0004441719502211E-011  0.55705700000000002       0.28055906295776367             4039        8019
        2000   2.2055246517993510E-011   1.8771450000000001       0.94343090057373047             2841        5653
        3000   3.1832314562052488E-011   8.9675589999999996        4.4990110397338867             2007        4000
        4000   6.3664629124104977E-011   24.083340000000000        12.077405929565430             1771        3532
        5000   7.0940586738288403E-011   50.164980999999997        25.151711940765381             1661        3313
        6000   1.0095391189679503E-010   89.461181999999994        44.851422071456909             1609        3210
        7000   1.2732925824820995E-010   143.98733400000000        72.168123960494995             1588        3168
        8000   2.3374013835564256E-010   217.20331400000001        108.90490579605103             1571        3134
        9000   1.9463186617940664E-010   312.34673399999997        156.52901196479797             1555        3104
       10000   2.4192559067159891E-010   429.77941600000003        215.38152790069580             1551        3095
===== THREADS: 4 =====
         100   1.2789769243681803E-013   5.9899999999999971E-004   4.8995018005371094E-004        1112        1360
         500   2.0463630789890885E-012   2.0906999999999999E-002   6.0210227966308594E-003        3985       13840
        1000   5.7980287238024175E-012  0.15416800000000000        3.9607048034667969E-002        4324       16832
        1500   1.0686562745831907E-011  0.62070500000000006       0.15716290473937988             3624       14316
        2000   2.0463630789890885E-011   2.7217969999999996       0.68541812896728516             1959        7781
        3000   3.1832314562052488E-011   15.030932000000000        3.7759971618652344             1197        4766
        4000   7.6397554948925972E-011   42.264025999999994        10.615319967269897             1009        4019
        5000   8.1854523159563541E-011   88.578728999999996        22.242065191268921              940        3746
        6000   1.1095835361629725E-010   159.88502599999998        40.151463031768799              900        3586
        7000   1.1641532182693481E-010   260.76179500000001        65.464406967163086              876        3492
        8000   1.8917489796876907E-010   402.02438299999994        100.99187088012695              849        3379
        9000   2.2737367544323206E-010   578.44784700000002        145.20440793037415              840        3347
       10000   2.6921043172478676E-010   789.88816799999995        198.30119585990906              844        3361
===== THREADS: 8 =====
         100   1.2789769243681803E-013   2.1159999999999994E-003   6.5112113952636719E-004         315        1023
         500   1.5347723092418164E-012   2.9109999999999997E-002   4.4548511505126953E-003        2862       18706
        1000   6.8212102632969618E-012  0.15635499999999999        2.0842075347900391E-002        4263       31986
        1500   1.0459189070388675E-011  0.60709199999999996        7.7679872512817383E-002        3706       28965
        2000   2.1373125491663814E-011   3.8099249999999998       0.48241090774536133             1399       11055
        3000   3.5015546018257737E-011   28.541907999999999        3.5966148376464844              630        5004
        4000   8.1399775808677077E-011   83.224639999999994        10.482939004898071              512        4070
        5000   9.0949470177292824E-011   176.39498899999998        22.213447093963623              472        3751
        6000   1.1914380593225360E-010   322.23373500000002        40.579374074935913              446        3548
        7000   1.4188117347657681E-010   523.73452600000007        65.936892032623291              436        3467
        8000   2.1009327610954642E-010   813.21533399999998        102.45223498344421              419        3331
        9000   2.2919266484677792E-010   1167.0627460000001        146.90570020675659              416        3308
       10000   2.6375346351414919E-010   1592.8010630000001        200.56096410751343              418        3324
===== THREADS: 10 =====
         100   1.9895196601282805E-013   7.1199999999999996E-004   7.1787834167480469E-004         936         928
         500   2.2737367544323206E-012   3.9501999999999995E-002   4.3129920959472656E-003        2109       19321
        1000   7.5033312896266580E-012  0.16963900000000001        1.8035888671875000E-002        3929       36963
        1500   1.0686562745831907E-011  0.65211399999999997        6.7505121231079102E-002        3450       33330
        2000   2.0918378140777349E-011   4.1539510000000002       0.42160701751708984             1283       12650
        3000   2.8194335754960775E-011   34.651946999999993        3.4984002113342285              519        5145
        4000   6.1845639720559120E-011   105.68343399999999        10.666035175323486              403        4000
        5000   8.0035533756017685E-011   223.17572899999999        22.520658969879150              373        3700
        6000   1.0732037480920553E-010   407.36726899999996        41.112216949462891              353        3502
        7000   1.1550582712516189E-010   669.04707999999994        67.497503995895386              341        3387
        8000   2.1555024432018399E-010   1031.1050989999999        104.08043313026428              331        3279
        9000   2.1736923372372985E-010   1471.1445589999998        148.38998007774353              330        3275
       10000   2.7284841053187847E-010   2025.3394590000000        204.31121993064880              329        3262
===== THREADS: 16 =====
         100   1.5631940186722204E-013   6.5100000000000002E-003   9.8681449890136719E-004         102         675
         500   2.0463630789890885E-012   6.6417000000000004E-002   5.2411556243896484E-003        1254       15899
        1000   5.9117155615240335E-012  0.33067599999999997        2.1927833557128906E-002        2016       30402
        1500   1.1141310096718371E-011   1.1994430000000000        7.7212095260620117E-002        1875       29140
        2000   1.8417267710901797E-011   6.2221529999999996       0.39539599418640137              857       13488
        3000   3.7744030123576522E-011   56.651794999999993        3.5791091918945312              317        5029
        4000   6.6847860580310225E-011   167.50739399999998        10.576011896133423              254        4034
        5000   9.0039975475519896E-011   363.87628099999995        22.960340023040771              229        3629
        6000   1.1004885891452432E-010   669.58298100000002        42.252182960510254              215        3408
        7000   1.2551026884466410E-010   1089.5818340000001        68.744079113006592              209        3326
        8000   1.8189894035458565E-010   1677.5220760000000        105.90094399452209              203        3223
        9000   2.0190782379359007E-010   2414.0728989999998        152.37744188308716              201        3189
       10000   2.4920154828578234E-010   3293.6210769999998        208.85179901123047              202        3192
===== THREADS: 20 =====
         100   2.2737367544323206E-013   8.4869999999999998E-003   1.4250278472900391E-003          78         467
         500   1.7053025658242404E-012   9.0420000000000000E-002   5.3689479827880859E-003         921       15521
        1000   6.3664629124104977E-012  0.35894700000000002        1.9694089889526367E-002        1857       33851
        1500   1.2505552149377763E-011   1.3467639999999999        6.9578170776367188E-002        1670       32337
        2000   2.4556356947869062E-011   8.1712229999999995       0.41622090339660645              652       12813
        3000   3.3651303965598345E-011   70.708576999999991        3.5837771892547607              254        5022
        4000   7.5488060247153044E-011   218.25442299999997        11.055862903594971              195        3859
        5000   7.0940586738288403E-011   463.58955900000001        23.468356847763062              179        3550
        6000   1.3187673175707459E-010   847.31752400000005        42.893361091613770              169        3357
        7000   1.2187229003757238E-010   1391.5806499999999        70.419311046600342              164        3247
        8000   1.8735590856522322E-010   2119.2839250000002        107.27367782592773              161        3181
        9000   2.1100277081131935E-010   3057.0324120000000        154.68148183822632              158        3141
       10000   2.7466739993542433E-010   4224.1253649999999        213.72156095504761              157        3119
