===== THREADS: 1 =====
         100   2.3362645151792094E-011   4.6899999999999980E-004   4.6610832214355469E-004        1421        1430
         500   5.1159076974727213E-010   1.9042999999999997E-002   1.9088983535766602E-002        4376        4365
        1000   2.9491502573364414E-009  0.14331199999999999       0.14363384246826172             4651        4641
        1500   3.4192453313153237E-009  0.54261599999999988       0.54408812522888184             4146        4135
        2000   4.2933834265568294E-009   1.4752609999999999        1.4793159961700439             3615        3605
        3000   1.0807013950397959E-008   5.9319259999999998        5.9452722072601318             3034        3027
        4000   1.4558736438630149E-008   15.045429000000000        15.073703050613403             2835        2830
        5000   5.5646751206950285E-008   30.867528999999998        30.923871994018555             2699        2694
        6000   1.9245180737925693E-007   53.969128999999995        54.060611009597778             2668        2663
        7000   7.1979229687713087E-008   86.365549999999999        86.510306119918823             2647        2643
        8000   1.1185420589754358E-007   132.63296099999999        132.85558009147644             2573        2569
        9000   2.1638237512888736E-007   189.88332999999997        190.23011302947998             2559        2554
       10000   1.5678895692872175E-007   257.15707199999997        257.57837295532227             2592        2588
===== THREADS: 2 =====
         100   4.4337866711430252E-012   1.5290000000000000E-003   1.2121200561523438E-003         436         550
         500   1.0669509720173664E-009   5.1378000000000000E-002   2.8861999511718750E-002        1621        2887
        1000   3.4807499105227180E-009  0.19835899999999998       0.10732412338256836             3360        6211
        1500   4.6755985749769025E-009  0.62441400000000002       0.32762002944946289             3603        6867
        2000   1.3742237570113502E-008   1.9046569999999998       0.98371887207031250             2800        5421
        3000   5.3371422836789861E-009   8.9036340000000003        4.5136790275573730             2021        3987
        4000   1.8757049247142277E-008   23.272112999999997        11.801713943481445             1833        3615
        5000   1.6365220290026627E-008   48.453557999999994        24.430537939071655             1719        3411
        6000   6.3715560827404261E-008   85.754913999999985        43.193479061126709             1679        3333
        7000   9.3352127805701457E-008   137.91314600000001        69.410367965698242             1658        3294
        8000   1.8008995539275929E-007   207.29472400000000        104.42158699035645             1646        3268
        9000   4.8283800424542278E-007   297.90129400000001        149.69647502899170             1631        3246
       10000   1.8362879927735776E-007   411.78571199999999        206.89965200424194             1618        3222
===== THREADS: 4 =====
         100   1.0791367799356522E-012   3.0680000000000004E-003   1.3799667358398438E-003         217         483
         500   6.1191940403659828E-010   6.2716999999999995E-002   1.9572019577026367E-002        1328        4257
        1000   2.7830822091345908E-009  0.28605999999999998        8.2117080688476562E-002        2330        8118
        1500   1.9247181626269594E-009  0.71233000000000002       0.19825482368469238             3158       11349
        2000   1.7951151676243171E-009   2.8395459999999999       0.76168489456176758             1878        7002
        3000   7.8091488830978051E-009   14.286325999999999        3.7012629508972168             1259        4863
        4000   3.1177023629425094E-008   41.278454000000004        10.598634958267212             1033        4025
        5000   1.0186613508267328E-007   81.450117999999989        20.762449979782104             1023        4013
        6000   2.5533023517709807E-007   150.79985800000000        38.342342853546143              954        3755
        7000   8.4161001723259687E-008   239.16752700000001        60.561919212341309              956        3775
        8000   2.0893094188068062E-007   360.22706099999999        91.443635940551758              947        3732
        9000   2.8517388273030519E-007   518.33915999999999        131.05218696594238              937        3708
       10000   9.8127779324386211E-007   714.11321099999998        180.53066492080688              933        3692
===== THREADS: 8 =====
         100   6.8176575496181613E-012   6.7089999999999997E-003   1.9600391387939453E-003          99         340
         500   1.9977619558630977E-010   8.2242999999999997E-002   1.5879869461059570E-002        1013        5247
        1000   1.6987087292363867E-009  0.42482499999999995        6.7021846771240234E-002        1569        9947
        1500   5.9505964600248262E-009  0.94665599999999994       0.14280009269714355             2376       15756
        2000   4.7950834414223209E-009   4.1209340000000001       0.56998300552368164             1294        9357
        3000   1.3134922483004630E-008   28.131087000000001        3.6629219055175781              639        4914
        4000   2.9133389034541324E-008   80.252921000000001        10.343623876571655              531        4124
        5000   5.6341150411753915E-008   170.85408000000001        21.817308902740479              487        3819
        6000   8.8952134547071182E-008   307.59930800000001        39.189177989959717              468        3674
        7000   5.9534158936003223E-008   501.60432299999997        63.745662927627563              455        3587
        8000   1.4235456546884961E-007   756.42579799999999        96.519103050231934              451        3536
        9000   2.3450411390513182E-007   1091.8604520000001        138.44106483459473              445        3510
       10000   2.1586265575024299E-007   1512.6827809999997        191.66428279876709              440        3478
===== THREADS: 10 =====
         100   1.0651035609043902E-011   8.5439999999999995E-003   2.2788047790527344E-003          78         292
         500   2.9864111183997011E-010   9.5234999999999986E-002   1.6163110733032227E-002         875        5155
        1000   9.0290086518507451E-010  0.46528899999999995        6.1861038208007812E-002        1432       10776
        1500   4.9130903789773583E-009   1.1563040000000000       0.16592383384704590             1945       13560
        2000   4.7313335471699247E-009   4.4100690000000000       0.50562596321105957             1209       10547
        3000   1.6584863260504790E-008   34.308885000000004        3.5910260677337646              524        5012
        4000   1.8522541722632013E-008   100.72180800000000        10.431930065155029              423        4090
        5000   2.2565927793039009E-008   215.51698099999999        22.117378950119019              386        3767
        6000   5.1089591579511762E-007   392.01846200000000        40.050755023956299              367        3595
        7000   1.3429234968498349E-007   644.82451700000001        65.820532083511353              354        3474
        8000   5.4119936976348981E-008   965.28880499999991        98.485373020172119              353        3465
        9000   3.0934552341932431E-007   1387.7971889999999        141.02253913879395              350        3446
       10000   3.3725154935382307E-007   1918.0738119999999        194.81504893302917              347        3422
===== THREADS: 16 =====
         100   5.5422333389287814E-012   1.5531999999999999E-002   3.3960342407226562E-003          42         196
         500   5.7099214245681651E-010  0.14960799999999999        1.9937038421630859E-002         557        4179
        1000   2.0785364540643059E-009  0.70002100000000000        6.9692134857177734E-002         952        9565
        1500   4.0768100006971508E-009   1.5681929999999997       0.14970207214355469             1434       15029
        2000   4.1536623029969633E-009   6.7670799999999991       0.52497315406799316              788       10159
        3000   3.7561562749033328E-009   50.864653000000004        3.7339029312133789              353        4820
        4000   1.5294062905013561E-008   150.02573699999999        10.872838020324707              284        3924
        5000   8.3124132288503461E-007   320.91103099999998        22.944211006164551              259        3631
        6000   3.6075562093174085E-008   582.45003099999997        41.432163953781128              247        3475
        7000   1.6833928384585306E-007   945.47402399999999        66.918241024017334              241        3417
        8000   6.2969775171950459E-008   1441.5438509999999        102.05285310745239              236        3344
        9000   9.0694129539770074E-008   2082.2493749999999        146.75393104553223              233        3311
       10000   3.9438236854039133E-007   2863.4656979999995        201.33045887947083              232        3311
===== THREADS: 20 =====
         100   4.2987835513486061E-012   2.0118999999999998E-002   4.2200088500976562E-003          33         157
         500   5.8614091358322185E-010  0.17656400000000000        2.2455930709838867E-002         471        3710
        1000   5.8352611631562468E-010  0.80065799999999998        6.9785118103027344E-002         832        9553
        1500   1.4801116776652634E-008   1.9442279999999998       0.14815902709960938             1157       15186
        2000   3.2798652682686225E-009   8.6413890000000002       0.51468515396118164              617       10362
        3000   1.2997884368814994E-007   69.209245999999993        3.6796059608459473              260        4891
        4000   9.0103640104644001E-009   206.32316500000002        10.786523103713989              206        3955
        5000   1.9687581698235590E-007   446.33299299999999        23.071802139282227              186        3611
        6000   9.1969241111655720E-008   812.17065900000000        41.815601110458374              177        3443
        7000   1.2816292382922256E-007   1326.7242569999999        68.017977952957153              172        3361
        8000   4.6298373490571976E-007   2020.3143619999998        103.66173696517944              168        3292
        9000   4.8360254822910065E-007   2919.9881949999999        149.21412301063538              166        3257
       10000   4.1327243707200978E-006   4019.1527509999996        205.22120690345764              165        3248
