         100   1.4210854715202004E-013   1.4800000000000056E-004   1.5115737915039062E-004        4504        4410
         500   2.1600499167107046E-012   1.7443999999999998E-002   1.7503976821899414E-002        4777        4760
        1000   7.2759576141834259E-012  0.14229400000000000       0.14255690574645996             4685        4676
        1500   1.1823431123048067E-011  0.49155299999999996       0.49281311035156250             4577        4565
        2000   1.8417267710901797E-011   1.4610729999999998        1.4648470878601074             3650        3640
        3000   3.5470293369144201E-011   5.8022749999999998        5.8136980533599854             3102        3096
        4000   7.8671291703358293E-011   15.350783000000000        15.380285978317261             2779        2774
        5000   8.2764017861336470E-011   30.574376999999998        30.627592086791992             2725        2720
        6000   1.1368683772161603E-010   53.971502000000001        54.063366889953613             2668        2663
        7000   1.1550582712516189E-010   87.549882999999994        87.705833911895752             2611        2607
        8000   1.8826540326699615E-010   132.06438599999998        132.28929591178894             2584        2580
        9000   1.9826984498649836E-010   190.36746900000000        190.70333194732666             2552        2548
       10000   2.4920154828578234E-010   256.98294199999998        257.41103386878967             2594        2589
