         100   2.4584778657299466E-012   1.6299999999999995E-004   1.6593933105468750E-004        4089        4017
         500   9.7600150184007362E-011   1.7080000000000001E-002   1.7151832580566406E-002        4879        4858
        1000   1.1382468301235349E-009  0.13378199999999998       0.13401317596435547             4983        4974
        1500   1.7356569514959119E-009  0.52362500000000001       0.52499508857727051             4296        4285
        2000   4.3489762902026996E-009   1.4028659999999999        1.4063441753387451             3801        3792
        3000   1.5762225302751176E-008   5.8141339999999992        5.8264460563659668             3095        3089
        4000   1.6972762750810944E-008   15.077902000000000        15.106780052185059             2829        2824
        5000   6.1051980537740747E-007   30.520470000000000        30.574021100997925             2730        2725
        6000   4.3736008592532016E-008   54.034401000000003        54.125610113143921             2664        2660
        7000   2.1561947960435646E-007   86.318736999999999        86.463627099990845             2649        2644
        8000   2.3143365979194641E-007   134.36936799999998        134.60998988151550             2540        2535
        9000   2.9230614018160850E-007   187.53979400000000        187.84926390647888             2591        2587
       10000   2.0855441107414663E-007   257.12117400000000        257.54978108406067             2592        2588
