         100   9.8321351060803863E-012   1.8139999999999996E-003   1.8188953399658203E-003         367         366
         500   2.0276047507650219E-009  0.18505300000000002       0.18535995483398438              450         449
        1000   1.0136318451259285E-009   1.4461950000000001        1.4483261108398438              460         460
        1500   2.6115571927221026E-009   4.8695609999999991        4.8775968551635742              462         461
        2000   6.8394889751743904E-008   11.597723999999999        11.615815877914429              459         459
        3000   2.5215342702722410E-008   39.264603000000001        39.326780080795288              458         457
        4000   1.4193084041380644E-008   93.095928999999998        93.236592054367065              458         457
        5000   8.9637978817336261E-008   181.35803499999997        181.64745783805847              459         458
        6000   5.0260587158845738E-007   314.42623200000003        314.94149303436279              457         457
        7000   3.8741154639865272E-007   497.45858900000002        498.21839618682861              459         458
        8000   3.8715370465070009E-007   744.15669400000002        745.28491711616516              458         457
        9000   2.3100255930330604E-007   1055.5398049999999        1057.2151641845703              460         459
       10000   8.2241331256227568E-007   1447.2977199999998        1449.4953939914703              460         459
