===== THREADS: 1 =====
Total Mega-FLOPs: 0.66
         100   1.7514878436486470E-012   2.5799999999999998E-004   2.5510787963867188E-004        2583        2613
Total Mega-FLOPs: 54.5
         500   1.6825651982799172E-011   1.1981000000000000E-002   1.2003898620605469E-002        6955        6942
Total Mega-FLOPs: 404
        1000   5.5365489970427006E-011   8.2389999999999991E-002   8.2585096359252930E-002        8091        8072
Total Mega-FLOPs: 1327.5
        1500   1.0913936421275139E-010  0.30882299999999996       0.30976104736328125             7285        7263
Total Mega-FLOPs: 3112
        2000   1.6552803572267294E-010  0.85780199999999995       0.85969805717468262             6217        6203
Total Mega-FLOPs: 10386
        3000   3.1081981433089823E-010   3.1478780000000000        3.1535739898681641             5718        5707
Total Mega-FLOPs: 24512
        4000   4.8385118134319782E-010   7.5746419999999999        7.5865149497985840             5632        5624
Total Mega-FLOPs: 47800
        5000   6.7166183725930750E-010   14.978859000000000        15.001996040344238             5563        5554
Total Mega-FLOPs: 82512
        6000   8.8493834482505918E-010   25.889237999999995        25.927124023437500             5562        5554
Total Mega-FLOPs: 131026
        7000   1.1068550520576537E-009   41.487378000000000        41.547999143600464             5511        5503
Total Mega-FLOPs: 195456
        8000   1.3751559890806675E-009   62.000757000000000        62.091012001037598             5505        5497
Total Mega-FLOPs: 278478
        9000   1.6225385479629040E-009   87.812476999999987        87.937441110610962             5534        5526
Total Mega-FLOPs: 382000
       10000   1.9299477571621537E-009   122.40972700000000        122.59892892837524             5446        5437
===== THREADS: 2 =====
Total Mega-FLOPs: 0.66
         100   1.3926637620897964E-012   6.0999999999999987E-004   4.0602684020996094E-004        1092        1641
Total Mega-FLOPs: 54.5
         500   1.7109869077103212E-011   1.3326999999999999E-002   6.8080425262451172E-003        6252       12240
Total Mega-FLOPs: 404
        1000   5.4342308430932462E-011   8.6854999999999988E-002   4.4458150863647461E-002        7675       14995
Total Mega-FLOPs: 1327.5
        1500   1.0822986951097846E-010  0.33795700000000001       0.17102599143981934             6657       13155
Total Mega-FLOPs: 3112
        2000   1.6802914615254849E-010  0.87783000000000000       0.44867515563964844             6075       11886
Total Mega-FLOPs: 10386
        3000   3.1218405638355762E-010   3.4869300000000001        1.7530660629272461             5162       10267
Total Mega-FLOPs: 24512
        4000   4.8521542339585721E-010   7.8260919999999992        3.9335410594940186             5451       10846
Total Mega-FLOPs: 47800
        5000   6.6665961639955640E-010   15.327451000000000        7.7030229568481445             5436       10818
Total Mega-FLOPs: 82512
        6000   8.8675733422860503E-010   26.622892999999998        13.365243196487427             5408       10774
Total Mega-FLOPs: 130928
        7000   1.1332303984090686E-009   45.594930999999995        23.052021980285645             5015        9919
Total Mega-FLOPs: 195456
        8000   1.3860699255019426E-009   67.458231999999995        33.836152791976929             5059       10087
Total Mega-FLOPs: 278316
        9000   1.6607373254373670E-009   93.663382999999996        46.965363979339600             5188       10348
Total Mega-FLOPs: 382000
       10000   1.9217623048461974E-009   126.33815000000000        63.375921964645386             5276       10519
===== THREADS: 4 =====
Total Mega-FLOPs: 0.66
         100   1.5916157281026244E-012   1.4109999999999995E-003   5.3095817565917969E-004         472        1255
Total Mega-FLOPs: 54
         500   2.3533175408374518E-011   8.5182999999999995E-002   2.1686077117919922E-002         978        3842
Total Mega-FLOPs: 404
        1000   5.4342308430932462E-011   9.4828999999999997E-002   2.5091171264648438E-002        7030       26569
Total Mega-FLOPs: 1327.5
        1500   1.1073097994085401E-010  0.37140699999999999        9.6483945846557617E-002        6058       23319
Total Mega-FLOPs: 3112
        2000   1.6484591469634324E-010  0.99248000000000003       0.25999999046325684             5373       20512
Total Mega-FLOPs: 10386
        3000   3.1377567211166024E-010   4.1475379999999999        1.0624971389770508             4339       16941
Total Mega-FLOPs: 24512
        4000   4.8703441279940307E-010   10.172155000000000        2.5797498226165771             4194       16539
Total Mega-FLOPs: 47800
        5000   6.6938810050487518E-010   20.956384000000000        5.2968602180480957             3976       15732
Total Mega-FLOPs: 82512
        6000   8.8948581833392382E-010   36.738301000000000        9.2788670063018799             3919       15519
Total Mega-FLOPs: 131026
        7000   1.1059455573558807E-009   58.496654999999997        14.747301101684570             3909       15505
Total Mega-FLOPs: 195456
        8000   1.3860699255019426E-009   89.049505999999994        22.495856046676636             3833       15173
Total Mega-FLOPs: 278316
        9000   1.6680132830515504E-009   126.15453100000001        31.751280069351196             3852       15306
Total Mega-FLOPs: 382000
       10000   1.9244907889515162E-009   175.34514899999999        44.157332181930542             3802       15097
===== THREADS: 8 =====
Total Mega-FLOPs: 0.66
         100   1.4068746168049984E-012   5.2940000000000001E-003   1.0271072387695312E-003         125         649
Total Mega-FLOPs: 54.5
         500   1.7223555914824829E-011  0.27854099999999998        3.5524845123291016E-002         299        2345
Total Mega-FLOPs: 404
        1000   5.4342308430932462E-011  0.13315099999999999        1.7282962799072266E-002        5006       38573
Total Mega-FLOPs: 1327.5
        1500   1.0982148523908108E-010  0.41402400000000000        5.5290937423706055E-002        5434       40693
Total Mega-FLOPs: 3112
        2000   1.6098056221380830E-010   1.5840850000000000       0.21278810501098633             3366       25064
Total Mega-FLOPs: 10386
        3000   3.1695890356786549E-010   7.5581420000000001       0.98073792457580566             2381       18353
Total Mega-FLOPs: 24512
        4000   4.8657966544851661E-010   19.708597000000001        2.5140728950500488             2164       16971
Total Mega-FLOPs: 47800
        5000   6.7848304752260447E-010   39.883012999999998        5.0971550941467285             2089       16348
Total Mega-FLOPs: 82512
        6000   8.9039531303569674E-010   70.478161999999998        8.9454069137573242             2043       16097
Total Mega-FLOPs: 130928
        7000   1.1350493878126144E-009   113.04917100000000        14.308999061584473             2022       15980
Total Mega-FLOPs: 195456
        8000   1.3933458831161261E-009   170.52730700000001        21.591876029968262             2001       15808
Total Mega-FLOPs: 278316
        9000   1.6652847989462316E-009   243.24338399999999        30.720335006713867             1997       15820
Total Mega-FLOPs: 382000
       10000   1.9308572518639266E-009   334.77767699999998        42.272151947021484             1991       15770
===== THREADS: 10 =====
Total Mega-FLOPs: 0.66
         100   1.8758328224066645E-012   6.6619999999999995E-003   1.1239051818847656E-003         100         593
Total Mega-FLOPs: 54.5
         500   1.6711965145077556E-011  0.33979399999999998        3.4805059432983398E-002         245        2394
Total Mega-FLOPs: 404
        1000   5.4114934755489230E-011  0.61261599999999994        6.2664985656738281E-002        1088       10638
Total Mega-FLOPs: 1327.5
        1500   1.1232259566895664E-010  0.47025899999999998        4.8901081085205078E-002        4784       46011
Total Mega-FLOPs: 3112
        2000   1.6325429896824062E-010   1.8209919999999999       0.21649599075317383             2928       24634
Total Mega-FLOPs: 10386
        3000   3.1559466151520610E-010   9.4805159999999997       0.98988819122314453             1898       18183
Total Mega-FLOPs: 24512
        4000   4.8612491809763014E-010   24.678086999999998        2.5115630626678467             1728       16988
Total Mega-FLOPs: 47800
        5000   6.7166183725930750E-010   50.021891999999994        5.0730819702148438             1665       16426
Total Mega-FLOPs: 82512
        6000   8.8630258687771857E-010   88.509332999999998        8.9729311466217041             1626       16048
Total Mega-FLOPs: 130928
        7000   1.1450538295321167E-009   142.83938499999999        14.443905115127563             1600       15831
Total Mega-FLOPs: 195456
        8000   1.3760654837824404E-009   214.44257899999999        21.645981073379517             1591       15768
Total Mega-FLOPs: 278316
        9000   1.6507328837178648E-009   305.79569599999996        30.847487926483154             1589       15754
Total Mega-FLOPs: 382000
       10000   1.9190338207408786E-009   420.23033599999997        42.385325193405151             1586       15728
===== THREADS: 16 =====
Total Mega-FLOPs: 0.66
         100   1.2221335055073723E-012   1.2596999999999999E-002   1.5151500701904297E-003          52         440
Total Mega-FLOPs: 54.5
         500   1.6768808563938364E-011  0.30940399999999996        2.2825956344604492E-002         269        3650
Total Mega-FLOPs: 404
        1000   5.5024429457262158E-011  0.44999699999999998        3.0415058135986328E-002        1481       21918
Total Mega-FLOPs: 1327.5
        1500   1.1118572729174048E-010  0.66198899999999994        5.1095008850097656E-002        3398       44035
Total Mega-FLOPs: 3112
        2000   1.6689227777533233E-010   2.5681650000000000       0.19402098655700684             2076       27488
Total Mega-FLOPs: 10386
        3000   3.1286617740988731E-010   13.863144000000000       0.98598098754882812             1298       18255
Total Mega-FLOPs: 24512
        4000   4.8794390750117600E-010   36.476498999999997        2.6040167808532715             1169       16384
Total Mega-FLOPs: 47800
        5000   6.7529981606639922E-010   73.749398999999997        5.2069320678710938             1129       16004
Total Mega-FLOPs: 82512
        6000   8.9221430243924260E-010   129.68702100000002        9.0465190410614014             1110       15917
Total Mega-FLOPs: 130928
        7000   1.1405063560232520E-009   207.87713099999999        14.499598979949951             1100       15770
Total Mega-FLOPs: 195584
        8000   1.3642420526593924E-009   313.23671999999999        21.737617015838623             1089       15702
Total Mega-FLOPs: 278316
        9000   1.6661942936480045E-009   446.32683399999996        31.030465126037598             1088       15662
Total Mega-FLOPs: 382000
       10000   1.9444996723905206E-009   614.07271200000002        42.588883876800537             1085       15653
===== THREADS: 20 =====
Total Mega-FLOPs: 0.66
         100   1.3926637620897964E-012   1.3847999999999999E-002   2.0048618316650391E-003          48         332
Total Mega-FLOPs: 54.5
         500   1.7905676941154525E-011  0.25897500000000001        1.5097856521606445E-002         321        5519
Total Mega-FLOPs: 404
        1000   5.5706550483591855E-011  0.30513099999999999        1.9019842147827148E-002        2184       35051
Total Mega-FLOPs: 1327.5
        1500   1.1004885891452432E-010  0.94375899999999990        5.2788972854614258E-002        2384       42622
Total Mega-FLOPs: 3112
        2000   1.6575540939811617E-010   3.8225650000000000       0.20309400558471680             1395       26260
Total Mega-FLOPs: 10386
        3000   3.1513991416431963E-010   19.019352000000001       0.97909593582153320              946       18384
Total Mega-FLOPs: 24512
        4000   4.8567017074674368E-010   49.644061999999998        2.5306799411773682              859       16859
Total Mega-FLOPs: 47800
        5000   6.7166183725930750E-010   100.15806300000000        5.0964179039001465              832       16351
Total Mega-FLOPs: 82512
        6000   8.8675733422860503E-010   177.57102099999997        9.0101590156555176              810       15981
Total Mega-FLOPs: 130928
        7000   1.1386873666197062E-009   285.34041700000000        14.432203054428101              801       15844
Total Mega-FLOPs: 195456
        8000   1.3815224519930780E-009   428.78604100000001        21.694737911224365              796       15733
Total Mega-FLOPs: 278478
        9000   1.6352714737877250E-009   612.96497099999999        30.991461992263794              792       15681
Total Mega-FLOPs: 382000
       10000   1.9235812942497432E-009   843.33413299999995        42.738369226455688              790       15598
