===== THREADS: 1 =====
Total Mega-FLOPs: 0.22
         100   5.6843418860808015E-014   1.4100000000000007E-004   1.4305114746093750E-004        4728        4660
Total Mega-FLOPs: 4.5
         500   3.4106051316484809E-013   1.3490000000000004E-003   1.3558864593505859E-003       61774       61460
Total Mega-FLOPs: 16
        1000   6.8212102632969618E-013   4.1820000000000017E-003   4.2250156402587891E-003      159413      157790
Total Mega-FLOPs: 36
        1500   6.8212102632969618E-013   1.0489000000000002E-002   1.0528087615966797E-002      214510      213714
Total Mega-FLOPs: 56
        2000   1.3642420526593924E-012   1.7356000000000003E-002   1.7400026321411133E-002      307290      306512
Total Mega-FLOPs: 126
        3000   1.3642420526593924E-012   4.4650999999999982E-002   4.4734954833984375E-002      403126      402369
Total Mega-FLOPs: 224
        4000   1.8189894035458565E-012   7.8656000000000004E-002   7.8783035278320312E-002      542446      541571
Total Mega-FLOPs: 300
        5000   4.0927261579781771E-012  0.11120200000000000       0.11138296127319336           749387      748169
Total Mega-FLOPs: 432
        6000   4.5474735088646412E-012  0.15792300000000004       0.15817284584045410           911836      910396
Total Mega-FLOPs: 588
        7000   3.6379788070917130E-012  0.22130200000000000       0.22170400619506836          1033278     1031405
Total Mega-FLOPs: 768
        8000   2.7284841053187847E-012  0.28024000000000004       0.28069591522216797          1218003     1216025
Total Mega-FLOPs: 972
        9000   5.4569682106375694E-012  0.35466099999999989       0.35520386695861816          1370322     1368228
Total Mega-FLOPs: 1200
       10000   5.4569682106375694E-012  0.43900900000000009       0.43970084190368652          1518571     1516182
===== THREADS: 2 =====
Total Mega-FLOPs: 0.22
         100   5.6843418860808015E-014   2.2199999999999998E-004   2.2482872009277344E-004        3003        2965
Total Mega-FLOPs: 4.5
         500   3.4106051316484809E-013   9.0400000000000029E-004   9.2005729675292969E-004       92182       90574
Total Mega-FLOPs: 16
        1000   6.8212102632969618E-013   3.9449999999999989E-003   2.3469924926757812E-003      168990      284051
Total Mega-FLOPs: 36
        1500   9.0949470177292824E-013   1.1297000000000001E-002   5.7561397552490234E-003      199167      390886
Total Mega-FLOPs: 56
        2000   1.5916157281026244E-012   2.0530000000000000E-002   1.0512828826904297E-002      259782      507316
Total Mega-FLOPs: 126
        3000   1.8189894035458565E-012   4.8173999999999981E-002   2.4544000625610352E-002      373645      733376
Total Mega-FLOPs: 224
        4000   2.2737367544323206E-012   8.7781999999999999E-002   4.4465065002441406E-002      486052      959554
Total Mega-FLOPs: 300
        5000   4.5474735088646412E-012  0.12181400000000001        6.1264038085937500E-002      684103     1360232
Total Mega-FLOPs: 432
        6000   3.6379788070917130E-012  0.16410199999999997        8.2602977752685547E-002      877503     1743278
Total Mega-FLOPs: 588
        7000   3.6379788070917130E-012  0.23742600000000003       0.11931991577148438           963107     1916416
Total Mega-FLOPs: 768
        8000   3.6379788070917130E-012  0.30519799999999997       0.15311408042907715          1118399     2229274
Total Mega-FLOPs: 972
        9000   4.5474735088646412E-012  0.38664699999999985       0.19394207000732422          1256960     2505902
Total Mega-FLOPs: 1200
       10000   5.4569682106375694E-012  0.48491799999999996       0.24332308769226074          1374802     2739841
===== THREADS: 4 =====
Total Mega-FLOPs: 0.22
         100   4.9737991503207013E-014   2.7299999999999981E-004   2.7608871459960938E-004        2442        2414
Total Mega-FLOPs: 4.5
         500   2.8421709430404007E-013   8.3829999999999981E-003   2.3789405822753906E-003        9940       35029
Total Mega-FLOPs: 16
        1000   7.9580786405131221E-013   3.0530000000000002E-003   1.5809535980224609E-003      218364      421686
Total Mega-FLOPs: 36
        1500   6.8212102632969618E-013   1.1589000000000002E-002   3.3118724822998047E-003      194149      679374
Total Mega-FLOPs: 56
        2000   1.3642420526593924E-012   2.2397000000000000E-002   6.3810348510742188E-003      238127      835810
Total Mega-FLOPs: 126
        3000   1.3642420526593924E-012   5.8815000000000006E-002   1.5335798263549805E-002      306044     1173724
Total Mega-FLOPs: 224
        4000   1.8189894035458565E-012  0.11094500000000002        2.8037071228027344E-002      384574     1521794
Total Mega-FLOPs: 300
        5000   3.6379788070917130E-012  0.15252100000000002        3.8815975189208984E-002      546372     2146882
Total Mega-FLOPs: 432
        6000   3.6379788070917130E-012  0.22547600000000001        5.6959867477416992E-002      638648     2528095
Total Mega-FLOPs: 588
        7000   3.6379788070917130E-012  0.30411899999999997        7.7122926712036133E-002      751898     2964963
Total Mega-FLOPs: 768
        8000   2.7284841053187847E-012  0.41888399999999992       0.10590100288391113           814863     3223136
Total Mega-FLOPs: 972
        9000   5.4569682106375694E-012  0.50609299999999990       0.12734198570251465           960297     3816494
Total Mega-FLOPs: 1200
       10000   5.4569682106375694E-012  0.63968400000000003       0.16117191314697266          1042181     4136370
===== THREADS: 8 =====
Total Mega-FLOPs: 0.22
         100   5.6843418860808015E-014   6.1100000000000000E-004   6.1488151550292969E-004        1091        1084
Total Mega-FLOPs: 4.5
         500   2.8421709430404007E-013   2.1641999999999998E-002   3.2620429992675781E-003        3850       25546
Total Mega-FLOPs: 16
        1000   6.8212102632969618E-013   1.4743999999999998E-002   2.2809505462646484E-003       45216      292275
Total Mega-FLOPs: 36
        1500   9.0949470177292824E-013   2.1035999999999999E-002   2.9349327087402344E-003      106959      766627
Total Mega-FLOPs: 56
        2000   1.3642420526593924E-012   3.8519999999999999E-002   5.0919055938720703E-003      138456     1047414
Total Mega-FLOPs: 126
        3000   1.3642420526593924E-012  0.10956399999999998        1.4693021774291992E-002      164287     1225071
Total Mega-FLOPs: 224
        4000   1.8189894035458565E-012  0.21069399999999999        2.7364969253540039E-002      202505     1559171
Total Mega-FLOPs: 300
        5000   5.4569682106375694E-012  0.30145800000000000        3.8233995437622070E-002      276434     2179561
Total Mega-FLOPs: 432
        6000   5.4569682106375694E-012  0.43998199999999998        5.5574893951416016E-002      327286     2591098
Total Mega-FLOPs: 588
        7000   3.6379788070917130E-012  0.60771299999999995        7.6507091522216797E-002      376274     2988829
Total Mega-FLOPs: 768
        8000   2.7284841053187847E-012  0.79002400000000006        9.9878072738647461E-002      432054     3417500
Total Mega-FLOPs: 972
        9000   5.4569682106375694E-012   1.0042179999999998       0.12626886367797852           483958     3848929
Total Mega-FLOPs: 1200
       10000   3.6379788070917130E-012   1.2404029999999997       0.15587687492370605           537459     4276879
===== THREADS: 10 =====
Total Mega-FLOPs: 0.22
         100   7.8159700933611020E-014   6.6699999999999962E-004   6.4802169799804688E-004         999        1028
Total Mega-FLOPs: 4.5
         500   3.9790393202565610E-013   3.0893000000000000E-002   3.8309097290039062E-003        2697       21752
Total Mega-FLOPs: 16
        1000   6.8212102632969618E-013   3.4259999999999999E-002   4.4748783111572266E-003       19459      148979
Total Mega-FLOPs: 36
        1500   6.8212102632969618E-013   2.2679000000000001E-002   2.6969909667968750E-003       99210      834263
Total Mega-FLOPs: 56
        2000   1.5916157281026244E-012   3.9095999999999999E-002   5.0830841064453125E-003      136416     1049231
Total Mega-FLOPs: 126
        3000   1.3642420526593924E-012  0.13864899999999999        1.4642000198364258E-002      129824     1229340
Total Mega-FLOPs: 224
        4000   1.3642420526593924E-012  0.26540900000000001        2.7148962020874023E-002      160758     1571576
Total Mega-FLOPs: 300
        5000   4.5474735088646412E-012  0.37099900000000002        3.8256883621215820E-002      224618     2178257
Total Mega-FLOPs: 432
        6000   4.5474735088646412E-012  0.55121099999999990        5.5687904357910156E-002      261242     2585839
Total Mega-FLOPs: 588
        7000   4.5474735088646412E-012  0.75651899999999994        7.6558113098144531E-002      302261     2986837
Total Mega-FLOPs: 768
        8000   2.7284841053187847E-012  0.98476499999999989        9.9904060363769531E-002      346614     3416611
Total Mega-FLOPs: 972
        9000   5.4569682106375694E-012   1.2594050000000001       0.12680912017822266           385896     3832532
Total Mega-FLOPs: 1200
       10000   3.6379788070917130E-012   1.5534400000000002       0.15617895126342773           429155     4268607
===== THREADS: 16 =====
Total Mega-FLOPs: 0.22
         100   4.2632564145606011E-014   5.0059999999999992E-003   7.5697898864746094E-004         133         880
Total Mega-FLOPs: 4.5
         500   2.8421709430404007E-013   3.2420000000000004E-002   2.5172233581542969E-003        2570       33105
Total Mega-FLOPs: 16
        1000   6.8212102632969618E-013   2.5386000000000002E-002   2.6478767395019531E-003       26261      251774
Total Mega-FLOPs: 36
        1500   6.8212102632969618E-013   2.1283999999999997E-002   2.4349689483642578E-003      105713      924036
Total Mega-FLOPs: 56
        2000   1.8189894035458565E-012   6.3919000000000004E-002   5.2309036254882812E-003       83438     1019581
Total Mega-FLOPs: 126
        3000   1.8189894035458565E-012  0.21510899999999997        1.4810085296630859E-002       83678     1215388
Total Mega-FLOPs: 224
        4000   1.3642420526593924E-012  0.42457799999999996        2.7586936950683594E-002      100491     1546625
Total Mega-FLOPs: 300
        5000   3.6379788070917130E-012  0.60550599999999988        3.8728952407836914E-002      137625     2151706
Total Mega-FLOPs: 432
        6000   4.5474735088646412E-012  0.87917699999999988        5.5951118469238281E-002      163789     2573675
Total Mega-FLOPs: 588
        7000   3.6379788070917130E-012   1.2150980000000000        7.6678037643432617E-002      188187     2982166
Total Mega-FLOPs: 768
        8000   2.7284841053187847E-012   1.5909409999999999       0.10043597221374512           214548     3398516
Total Mega-FLOPs: 972
        9000   5.4569682106375694E-012   2.0047659999999996       0.12687492370605469           242422     3830544
Total Mega-FLOPs: 1200
       10000   5.4569682106375694E-012   2.4895679999999998       0.15699791908264160           267784     4246340
===== THREADS: 20 =====
Total Mega-FLOPs: 0.22
         100   4.2632564145606011E-014   1.9939999999999997E-003   8.9097023010253906E-004         334         748
Total Mega-FLOPs: 4.5
         500   3.4106051316484809E-013   3.4337999999999994E-002   2.3179054260253906E-003        2426       35951
Total Mega-FLOPs: 16
        1000   5.6843418860808015E-013   3.5517000000000000E-002   2.8951168060302734E-003       18770      230272
Total Mega-FLOPs: 36
        1500   9.0949470177292824E-013   4.6004000000000003E-002   3.1409263610839844E-003       48908      716349
Total Mega-FLOPs: 56
        2000   1.8189894035458565E-012   8.7840999999999989E-002   5.3498744964599609E-003       60715      996908
Total Mega-FLOPs: 126
        3000   1.3642420526593924E-012  0.27987299999999998        1.4795064926147461E-002       64314     1216621
Total Mega-FLOPs: 224
        4000   1.3642420526593924E-012  0.53698299999999999        2.7606010437011719E-002       79456     1545557
Total Mega-FLOPs: 300
        5000   3.6379788070917130E-012  0.76485000000000003        3.8960933685302734E-002      108953     2138894
Total Mega-FLOPs: 432
        6000   3.6379788070917130E-012   1.1049089999999999        5.6429147720336914E-002      130327     2551872
Total Mega-FLOPs: 588
        7000   4.5474735088646412E-012   1.5106229999999998        7.6956033706665039E-002      151372     2971393
Total Mega-FLOPs: 768
        8000   2.7284841053187847E-012   1.9763089999999996       0.10012793540954590           172712     3408972
Total Mega-FLOPs: 972
        9000   5.4569682106375694E-012   2.5190650000000003       0.12714290618896484           192928     3822470
Total Mega-FLOPs: 1200
       10000   5.4569682106375694E-012   3.1094390000000001       0.15738606452941895           214400     4235868
