===== THREADS: 1 =====
         100   1.0835776720341528E-011   3.1400000000000004E-004   3.1685829162597656E-004        2123        2103
         500   1.7143975128419697E-010   1.9032000000000000E-002   1.9132852554321289E-002        4378        4355
        1000   1.2408918337314390E-009  0.14388799999999999       0.14422917366027832             4633        4622
        1500   2.0822881197091192E-009  0.54251799999999994       0.54405617713928223             4147        4135
        2000   4.5415617933031172E-009   1.4098079999999997        1.4132039546966553             3783        3773
        3000   2.1103915059939027E-008   5.9849600000000001        5.9972181320190430             3007        3001
        4000   2.7026354132431152E-007   15.039033999999999        15.065580129623413             2837        2832
        5000   3.1875742934062146E-008   30.444755999999998        30.496706962585449             2737        2732
        6000   1.1946212907787412E-007   53.997168000000002        54.086955070495605             2666        2662
        7000   1.2530608728411607E-007   87.310219999999987        87.462191104888916             2619        2614
        8000   9.0572029876057059E-008   132.51412599999998        132.73571705818176             2575        2571
        9000   4.2513920561759733E-007   188.00530200000000        188.31220602989197             2585        2580
       10000   2.2263448954618070E-005   259.56187399999999        260.01723003387451             2568        2563
===== THREADS: 2 =====
         100   3.5811353882309049E-012   4.5599999999999981E-004   4.5895576477050781E-004        1461        1452
         500   2.9450575311784633E-010   2.1219000000000002E-002   1.0751008987426758E-002        3927        7751
        1000   1.4360921340994537E-009  0.15936500000000001        8.0217123031616211E-002        4183        8310
        1500   4.5439207951858407E-009  0.58022200000000002       0.29116797447204590             3877        7727
        2000   5.8633702337829163E-009   1.9182789999999998       0.96273803710937500             2780        5539
        3000   7.0375790528487414E-008   9.0218009999999982        4.5221140384674072             1995        3980
        4000   5.6116277846740559E-008   24.435270999999997        12.247849941253662             1746        3483
        5000   3.0781393434153870E-008   49.966076000000001        25.041101932525635             1667        3327
        6000   3.9917244976095390E-007   90.351682999999994        45.285547971725464             1593        3179
        7000   2.6906218408839777E-007   144.39132900000001        72.353488922119141             1583        3160
        8000   6.1492926306527806E-008   218.75422200000000        109.67945718765259             1560        3112
        9000   6.2227172747952864E-007   313.15817199999998        156.90929198265076             1551        3097
       10000   5.0086327973986045E-007   432.42671200000001        216.71589803695679             1541        3076
===== THREADS: 4 =====
         100   1.0299650021750040E-011   5.7599999999999969E-004   5.7983398437500000E-004        1157        1149
         500   1.4182433005771600E-010   2.6773000000000002E-002   7.4419975280761719E-003        3112       11197
        1000   8.0649442679714411E-010  0.17896599999999999        4.5387029647827148E-002        3725       14688
        1500   3.1625404517399147E-009  0.66429600000000000       0.16699600219726562             3387       13473
        2000   1.0450094123370945E-008   2.8012259999999998       0.70396590232849121             1903        7576
        3000   2.0846300685661845E-008   15.220286999999999        3.8202650547027588             1182        4711
        4000   3.7457539292518049E-008   42.842419000000000        10.754209995269775              995        3967
        5000   3.1029026104079094E-007   89.182356999999996        22.384768009185791              934        3722
        6000   2.1883170120418072E-007   161.06261599999999        40.429643154144287              894        3561
        7000   6.4726251025604142E-008   262.32212499999997        65.847658872604370              871        3472
        8000   6.8824192567262799E-008   404.40595100000002        101.56221389770508              844        3360
        9000   1.7523598216939718E-007   580.27614799999992        145.64932298660278              837        3336
       10000   2.3269444682227913E-007   792.11452599999996        198.83184194564819              841        3352
===== THREADS: 8 =====
         100   8.0149220593739301E-012   7.6600000000000019E-004   7.7104568481445312E-004         870         864
         500   3.5181457747057721E-010   4.4350000000000001E-002   5.8450698852539062E-003        1878       14257
        1000   7.3674755185493268E-010  0.20038200000000000        2.5908946990966797E-002        3326       25731
        1500   2.5652582280599745E-009  0.72181799999999996        9.0825796127319336E-002        3117       24772
        2000   4.6811692300252616E-009   3.9988500000000000       0.50417900085449219             1333       10578
        3000   4.2626410845514329E-008   28.865340999999997        3.6328258514404297              623        4954
        4000   3.3291826184722595E-008   84.253436000000008        10.603584051132202              506        4023
        5000   1.7414163266948890E-007   177.30918599999998        22.311475992202759              469        3734
        6000   1.4129759620118421E-006   324.60634899999997        40.855924129486084              443        3524
        7000   1.3553562894230708E-007   527.70883700000002        66.412007093429565              433        3443
        8000   1.4931629266357049E-007   816.31185799999992        102.79866886138916              418        3320
        9000   1.2561758921947330E-007   1166.0648430000001        146.74747586250305              416        3311
       10000   1.1225074558751658E-007   1601.4273859999998        201.55564880371094              416        3307
===== THREADS: 10 =====
         100   2.3305801732931286E-012   1.7010000000000003E-003   8.0180168151855469E-004         391         831
         500   6.3885181589284912E-009   4.8615999999999993E-002   5.6791305541992188E-003        1714       14673
        1000   6.5222138800891116E-010  0.31302199999999997        3.2157897949218750E-002        2129       20731
        1500   1.5498926586587913E-009  0.78359500000000004        7.9258918762207031E-002        2871       28387
        2000   5.0171138354926370E-009   4.2626089999999994       0.43098998069763184             1251       12374
        3000   7.8412085713353008E-009   35.436852999999999        3.5740640163421631              507        5036
        4000   2.0034039494021272E-007   105.97248099999999        10.687269926071167              402        3992
        5000   2.7424903237260878E-008   227.01504199999999        22.886673927307129              367        3641
        6000   2.7986970962956548E-007   411.02687099999997        41.452142000198364              350        3473
        7000   9.8425971373217180E-008   670.20896800000003        67.574699878692627              341        3383
        8000   2.4571363610448316E-007   1034.2644829999999        104.34746599197388              330        3271
        9000   1.3968929124530405E-007   1478.5562640000001        149.06829786300659              328        3260
       10000   9.0321759671496693E-007   2027.7375039999999        204.48511409759521              328        3260
===== THREADS: 16 =====
         100   3.7090330806677230E-012   1.0281000000000000E-002   1.0550022125244141E-003          64         631
         500   1.2568079910124652E-010   9.6917999999999990E-002   6.6230297088623047E-003         859       12582
        1000   1.0839826813935360E-009  0.42648300000000000        2.7086019515991211E-002        1563       24612
        1500   3.1203626349451952E-009   1.3241470000000000        8.4286212921142578E-002        1699       26694
        2000   5.9478679759195074E-009   6.6352099999999998       0.41971802711486816              803       12706
        3000   8.7209741650440264E-009   57.617314999999998        3.6340539455413818              312        4953
        4000   5.4644715419271961E-008   170.34180699999999        10.742527008056641              250        3971
        5000   5.8660589274950325E-008   369.12988600000000        23.278440952301025              225        3579
        6000   1.0111557458003517E-007   675.03488999999990        42.576488971710205              213        3382
        7000   1.5673253983550239E-007   1097.0184579999998        69.180305957794189              208        3305
        8000   1.7681577446637675E-007   1686.2152579999999        106.38099408149719              202        3208
        9000   1.0107521575264400E-007   2417.7587590000003        152.55157804489136              201        3185
       10000   4.1336670619784854E-006   3310.9254980000001        209.88253498077393              201        3176
===== THREADS: 20 =====
         100   1.5667467323510209E-012   1.1233000000000000E-002   1.1818408966064453E-003          59         564
         500   3.3471891924818920E-010  0.12362599999999999        6.8809986114501953E-003         674       12110
        1000   6.8621375248767436E-010  0.48240100000000002        2.5156974792480469E-002        1381       26500
        1500   1.0099938663188368E-009   1.5883380000000000        8.1041812896728516E-002        1416       27763
        2000   5.5073314797482453E-009   8.6136949999999999       0.43621897697448730              619       12226
        3000   2.3790107661625370E-008   71.486846999999997        3.6159369945526123              251        4977
        4000   4.1305156628368422E-008   220.17347199999998        11.140512943267822              193        3829
        5000   5.6477688303857576E-008   468.96569199999993        23.719587087631226              177        3513
        6000   6.4305368141504005E-008   855.17661099999987        43.270478963851929              168        3327
        7000   8.3110444393241778E-007   1398.4666420000001        70.730710983276367              163        3232
        8000   4.8400579544249922E-008   2131.4016839999999        107.85626602172852              160        3164
        9000   8.7590797193115577E-007   3074.3158659999999        155.49623489379883              158        3125
       10000   4.8871470426092856E-007   4233.6110639999997        214.15139794349670              157        3113
