===== THREADS: 1 =====
         100   3.7076119951962028E-011   4.2099999999999993E-004   4.3010711669921875E-004        1583        1550
         500   9.7969632406602614E-011   1.9184000000000000E-002   1.9277811050415039E-002        4343        4322
        1000   1.2213376976433210E-009  0.13549199999999997       0.13578295707702637             4920        4909
        1500   1.6543708625249565E-009  0.51025500000000001       0.51168107986450195             4409        4397
        2000   3.8119196688057855E-009   1.4358850000000001        1.4396560192108154             3714        3704
        3000   5.3966914492775686E-008   5.8392400000000002        5.8515050411224365             3082        3076
        4000   1.6605554264970124E-008   15.059858999999998        15.087950944900513             2833        2827
        5000   4.9596053486311575E-007   30.472753000000001        30.526072978973389             2734        2729
        6000   1.7526326701045036E-007   53.999333999999998        54.092411994934082             2666        2662
        7000   4.8312813305528834E-007   86.370346999999995        86.513688087463379             2647        2643
        8000   1.5804357644810807E-007   132.49407499999998        132.71575403213501             2576        2571
        9000   1.2165673979325220E-007   188.01816799999997        188.33061313629150             2584        2580
       10000   2.0205425244057551E-007   256.84009099999997        257.25948500633240             2595        2591
===== THREADS: 2 =====
         100   1.4210854715202004E-012   1.5729999999999997E-003   1.2640953063964844E-003         423         527
         500   9.3393737188307568E-011   4.9439999999999998E-002   2.7822971343994141E-002        1685        2995
        1000   1.5239720596582629E-009  0.19869200000000001       0.10995292663574219             3355        6063
        1500   1.8234231902169995E-009  0.60407699999999998       0.32209396362304688             3724        6985
        2000   2.4462224246235564E-008   1.8998969999999999       0.97565984725952148             2807        5466
        3000   9.9969383882125840E-009   8.9238489999999988        4.5230138301849365             2017        3979
        4000   2.7383066480979323E-008   23.479649999999999        11.900793790817261             1817        3585
        5000   6.6002030507661402E-008   48.185899999999997        24.286123037338257             1729        3431
        6000   4.1491944102745038E-008   85.799366999999990        43.213427066802979             1678        3332
        7000   7.9297024058178067E-008   138.27944400000001        69.554888963699341             1653        3287
        8000   1.9894014258170500E-007   208.40916999999999        104.92275094985962             1637        3253
        9000   2.3805932869436219E-007   298.94907400000000        150.20171284675598             1625        3235
       10000   2.5942972570192069E-007   411.51741799999996        206.75649094581604             1620        3224
===== THREADS: 4 =====
         100   2.8066438062523957E-012   3.0409999999999994E-003   1.4009475708007812E-003         219         475
         500   8.7368334789061919E-011   6.1762999999999998E-002   1.9500017166137695E-002        1349        4273
        1000   3.0298394904093584E-009  0.28346800000000000        8.2355022430419922E-002        2351        8095
        1500   4.5607748688780703E-009  0.72390699999999997       0.20228099822998047             3108       11123
        2000   9.1173433247604407E-009   2.8913300000000000       0.77015709877014160             1844        6924
        3000   2.2662698029307649E-007   14.297480000000000        3.7048790454864502             1258        4858
        4000   7.2474813350709155E-007   41.207543999999999        10.571935892105103             1035        4035
        5000   1.1240217645536177E-007   81.412756999999999        20.755486011505127             1023        4015
        6000   3.3882224670378491E-007   150.50046899999998        38.226638078689575              956        3767
        7000   1.4689339877804741E-007   239.26209899999998        60.579259157180786              955        3774
        8000   1.1061847544624470E-006   360.07544999999999        91.456541061401367              947        3732
        9000   1.0447638487676159E-007   517.72796300000005        130.88560009002686              938        3713
       10000   3.4634467738214880E-007   713.93708799999990        180.47987890243530              933        3693
===== THREADS: 8 =====
         100   7.5317529990570620E-012   6.6350000000000003E-003   1.9540786743164062E-003         100         341
         500   9.3052676675142720E-011   8.2121999999999987E-002   1.6392946243286133E-002        1014        5083
        1000   1.0353033985666116E-009  0.41941299999999998        6.6103935241699219E-002        1589       10085
        1500   1.2834107110393234E-009  0.95672799999999991       0.14538502693176270             2351       15476
        2000   4.8996753321262076E-009   4.1200729999999997       0.56874513626098633             1294        9377
        3000   1.1351175999152474E-008   28.039776999999997        3.6637761592864990              641        4912
        4000   9.6921212389133871E-008   80.109151999999995        10.340559005737305              532        4126
        5000   1.5880232240306213E-008   170.43374299999999        21.775939226150513              488        3826
        6000   1.0972507880069315E-007   307.21980999999994        39.133135080337524              468        3679
        7000   2.9404918677755632E-007   501.94563699999998        63.751420974731445              455        3586
        8000   1.9063728018409165E-007   755.88222500000006        96.457293987274170              451        3538
        9000   4.5741717258351855E-007   1092.8512989999999        138.44149518013000              444        3510
       10000   1.5310524759115651E-007   1511.9382940000000        191.50864291191101              440        3481
===== THREADS: 10 =====
         100   5.4889426337467739E-012   8.4030000000000007E-003   2.2580623626708984E-003          79         295
         500   3.9210590330185369E-010   9.3925999999999996E-002   1.6285181045532227E-002         887        5117
        1000   3.2334810384782031E-009  0.50795899999999994        7.2159051895141602E-002        1312        9238
        1500   4.4337411964079365E-008   1.1333659999999999       0.14130806922912598             1985       15922
        2000   3.5388438845984638E-009   4.5260030000000002       0.53123807907104492             1178       10039
        3000   4.4392209019861184E-008   34.299446000000003        3.5965909957885742              524        5004
        4000   7.9553956311428919E-008   100.86257200000000        10.456113100051880              423        4080
        5000   3.3532614907016978E-007   215.71177200000000        22.141231060028076              386        3763
        6000   5.1887582230847329E-008   391.69728299999997        40.000620841979980              367        3599
        7000   2.1775429104309296E-007   645.95841900000005        65.771118879318237              353        3476
        8000   3.7847753446840215E-006   965.23649599999999        98.457704067230225              353        3466
        9000   2.1021969587309286E-007   1389.6729730000000        141.15124607086182              349        3443
       10000   1.1261818144703284E-007   1916.5513750000000        194.69215011596680              347        3424
===== THREADS: 16 =====
         100   2.3590018827235326E-012   1.5762999999999999E-002   3.4990310668945312E-003          42         190
         500   1.9184653865522705E-010  0.14694800000000000        1.9943952560424805E-002         567        4178
        1000   2.4233202111645369E-009  0.71029399999999998        6.8741798400878906E-002         938        9698
        1500   3.9380552152579185E-009   1.6901420000000000       0.15537786483764648             1331       14480
        2000   1.2737700672005303E-008   6.5040899999999997       0.51973009109497070              819       10261
        3000   7.6592812092712848E-009   50.792690999999998        3.7320139408111572              354        4823
        4000   1.9393291950109415E-007   150.01843499999998        10.869601011276245              284        3925
        5000   3.3394684351151227E-008   320.91554200000002        22.944738864898682              259        3631
        6000   9.1303036242607050E-008   582.72252799999990        41.443736076354980              247        3474
        7000   2.9673083190573379E-007   945.86401599999999        66.974265098571777              241        3414
        8000   8.9158220362151042E-008   1444.1087610000000        102.21395707130432              236        3339
        9000   2.1992150323058013E-007   2080.3908269999997        146.59451603889465              233        3315
       10000   1.4833949535386637E-007   2863.1501759999996        201.35644507408142              232        3310
===== THREADS: 20 =====
         100   1.2047252084812499E-011   1.9871000000000000E-002   4.1491985321044922E-003          33         160
         500   2.3821939976187423E-009  0.17730999999999997        2.3792982101440430E-002         469        3502
        1000   1.4149463822832331E-009  0.78310900000000006        7.0075988769531250E-002         851        9513
        1500   3.9842120713728946E-009   1.9381340000000000       0.14702701568603516             1160       15303
        2000   5.5265445553231984E-009   8.6056969999999993       0.51116299629211426              619       10433
        3000   7.2348939283983782E-008   69.160387999999998        3.6770780086517334              260        4895
        4000   3.0836872610962018E-007   205.72494599999999        10.770441055297852              207        3961
        5000   5.5888222050270997E-008   446.07114300000001        23.065789937973022              186        3612
        6000   2.7830901672132313E-007   811.20839000000001        41.782135009765625              177        3446
        7000   4.8756464821053669E-007   1326.6361800000000        67.983267068862915              172        3363
        8000   1.2924874681630172E-007   2020.3524799999998        103.68794393539429              168        3291
        9000   7.3460660132695921E-007   2920.9487399999998        149.25997591018677              166        3256
       10000   1.7334377844235860E-007   4020.1698189999997        205.27106213569641              165        3247
