         100   1.9753088054130785E-012   1.7400000000000011E-004   1.7690658569335938E-004        3831        3768
         500   5.6957105698529631E-011   1.7351999999999999E-002   1.7424106597900391E-002        4802        4782
        1000   1.7241248428945255E-009  0.14174699999999998       0.14202499389648438             4703        4694
        1500   1.1611334116423677E-009  0.53546600000000000       0.53679895401000977             4201        4191
        2000   3.0591991162509657E-009   1.4122399999999999        1.4159018993377686             3776        3766
        3000   1.0990561349899508E-008   5.8225409999999993        5.8346831798553467             3091        3085
        4000   5.9633430282701738E-007   15.040724000000001        15.069236040115356             2836        2831
        5000   6.0299498727545142E-008   30.963591999999998        31.022285938262939             2691        2686
        6000   2.9266993806231767E-007   53.944326999999994        54.036226034164429             2669        2664
        7000   1.3303765626915265E-006   87.730337999999989        87.886029958724976             2606        2601
        8000   2.3949673959577922E-006   133.84625999999997        134.08495903015137             2550        2545
        9000   7.5122625275980681E-007   187.80618400000000        188.12211394309998             2587        2583
       10000   5.0478251978347544E-007   260.96851799999996        261.42799997329712             2554        2550
