         100   6.5000449467333965E-011   1.6779999999999998E-003   1.6820430755615234E-003         397         396
         500   9.5333518856932642E-011  0.18542999999999998       0.18574190139770508              449         448
        1000   1.4359784472617321E-009   1.4470109999999998        1.4492981433868408              460         459
        1500   4.1270027395512443E-009   4.8692849999999996        4.8769640922546387              462         461
        2000   9.8045802587876096E-009   11.591305000000000        11.609444856643677              460         459
        3000   1.6145577319548465E-008   39.253178999999996        39.318089008331299              458         457
        4000   7.0689748099539429E-007   93.047634000000002        93.188772916793823              458         457
        5000   4.0245822674478404E-008   181.52464499999999        181.82707905769348              459         458
        6000   9.9669193787121912E-008   313.60884199999998        314.11194896697998              459         458
        7000   1.5330488167819567E-006   497.46096899999998        498.22334599494934              459         458
        8000   3.6833716876571998E-007   742.77682099999993        743.92406511306763              459         458
        9000   1.3462340575642884E-007   1058.1505400000001        1059.7690489292145              459         458
       10000   5.8563728089211509E-007   1451.1554500000000        1453.3954038619995              459         458
