Total Mega-FLOPs: 0.24
         100   2.1316282072803006E-014   5.7699999999999982E-004   5.8293342590332031E-004        1155        1143
Total Mega-FLOPs: 5
         500   1.7053025658242404E-013   8.7039999999999999E-003   8.7490081787109375E-003        9574        9524
Total Mega-FLOPs: 18
        1000   4.5474735088646412E-013   2.9628000000000002E-002   2.9696226119995117E-002       22501       22449
Total Mega-FLOPs: 40.5
        1500   4.5474735088646412E-013   6.2464000000000006E-002   6.2566995620727539E-002       36020       35961
Total Mega-FLOPs: 64
        2000   9.0949470177292824E-013   9.8771000000000012E-002   9.8931074142456055E-002       53996       53909
Total Mega-FLOPs: 144
        3000   1.3642420526593924E-012  0.22248200000000001       0.22281193733215332            80905       80785
Total Mega-FLOPs: 256
        4000   1.3642420526593924E-012  0.39479199999999998       0.39537286758422852           108073      107915
Total Mega-FLOPs: 350
        5000   1.8189894035458565E-012  0.53979599999999994       0.54063487052917480           154379      154139
Total Mega-FLOPs: 504
        6000   1.8189894035458565E-012  0.77706799999999987       0.77823114395141602           185311      185035
Total Mega-FLOPs: 686
        7000   2.7284841053187847E-012   1.0572550000000001        1.0589401721954346           216283      215939
Total Mega-FLOPs: 896
        8000   1.8189894035458565E-012   1.3816950000000001        1.3837800025939941           247039      246667
Total Mega-FLOPs: 1134
        9000   3.6379788070917130E-012   1.7493520000000000        1.7519881725311279           277817      277399
Total Mega-FLOPs: 1400
       10000   3.6379788070917130E-012   2.1573810000000000        2.1610291004180908           309016      308495
